% SubNumber, Age, Gender 	    83    20     2
% Contents of columns:
% Sub  BlockNum  Trial  Trty  Cor    RT
   83         1      1     7    1  1595
   83         1      2     4    1   595
   83         1      3     8    1   495
   83         1      4     4    1   476
   83         1      5     2    1   332
   83         1      6     3    1   548
   83         1      7     4    1   465
   83         1      8     6    1   480
   83         1      9     6    1   423
   83         1     10     1    1   351
   83         1     11     3    1   501
   83         1     12     5    1   413
   83         1     13     2    1   310
   83         1     14     6    1   331
   83         1     15     8    1   516
   83         1     16     7    1   367
   83         1     17     8    1   341
   83         1     18     1    1   490
   83         1     19     7    1   495
   83         1     20     1    1   392
   83         1     21     4    1   501
   83         1     22     5    1   675
   83         1     23     5    1   408
   83         1     24     5    1   506
   83         1     25     8    1   444
   83         1     26     6    1   614
   83         1     27     2    1   424
   83         1     28     1    1   490
   83         1     29     3    1   501
   83         1     30     2    1   974
   83         1     31     7    1   532
   83         1     32     3    1   423
   83         2      1     8    1   809
   83         2      2     2    1   372
   83         2      3     2    1   311
   83         2      4     3    1   423
   83         2      5     7    1   506
   83         2      6     4    0   439
   83         2      7     6    1   598
   83         2      8     1    1   753
   83         2      9     2    1   418
   83         2     10     6    1   475
   83         2     11     2    1   419
   83         2     12     1    1   413
   83         2     13     4    1   464
   83         2     14     7    0   460
   83         2     15     7    1   624
   83         2     16     1    1   424
   83         2     17     6    1   378
   83         2     18     8    1   449
   83         2     19     3    1   480
   83         2     20     4    1   526
   83         2     21     5    1   480
   83         2     22     8    1   536
   83         2     23     2    1   490
   83         2     24     5    1   388
   83         2     25     2    1   429
   83         2     26     7    1   584
   83         2     27     7    1   485
   83         2     28     1    1   444
   83         2     29     5    1  1077
   83         2     30     8    1   491
   83         2     31     4    1   475
   83         2     32     5    1   403
   83         2     33     5    1   357
   83         2     34     3    1   465
   83         2     35     1    1   387
   83         2     36     6    1   325
   83         2     37     5    1   578
   83         2     38     7    1   413
   83         2     39     5    1   387
   83         2     40     8    1   331
   83         2     41     4    1   459
   83         2     42     6    1   459
   83         2     43     4    1   501
   83         2     44     1    1   459
   83         2     45     8    1   619
   83         2     46     1    1   326
   83         2     47     7    1   562
   83         2     48     5    1   495
   83         2     49     3    1   485
   83         2     50     2    1   759
   83         2     51     1    1   392
   83         2     52     3    1   516
   83         2     53     6    1   341
   83         2     54     4    1   547
   83         2     55     3    1   475
   83         2     56     3    1   439
   83         2     57     3    1   470
   83         2     58     6    1   495
   83         2     59     4    1   501
   83         2     60     6    1   397
   83         2     61     8    1   470
   83         2     62     2    1   423
   83         2     63     8    0   346
   83         2     64     7    0   439
   83         3      1     4    1   542
   83         3      2     4    1   372
   83         3      3     4    1   407
   83         3      4     5    1   392
   83         3      5     3    1   439
   83         3      6     6    1   428
   83         3      7     6    1   449
   83         3      8     5    1   393
   83         3      9     1    1   439
   83         3     10     2    1   531
   83         3     11     6    1   418
   83         3     12     2    1   398
   83         3     13     8    1   635
   83         3     14     6    1   449
   83         3     15     4    0   497
   83         3     16     6    1   681
   83         3     17     8    1   610
   83         3     18     1    1   547
   83         3     19     8    1   568
   83         3     20     5    1   583
   83         3     21     1    1   449
   83         3     22     8    1   655
   83         3     23     6    1   500
   83         3     24     8    1   475
   83         3     25     3    1   722
   83         3     26     4    1   624
   83         3     27     2    1   547
   83         3     28     7    1   742
   83         3     29     5    1   634
   83         3     30     6    1   454
   83         3     31     3    1   500
   83         3     32     3    1   475
   83         3     33     7    1   516
   83         3     34     5    1   418
   83         3     35     7    1   433
   83         3     36     7    1   423
   83         3     37     5    1   470
   83         3     38     8    1   644
   83         3     39     4    1   521
   83         3     40     3    1   583
   83         3     41     8    1   563
   83         3     42     1    1   485
   83         3     43     3    1   397
   83         3     44     2    1   522
   83         3     45     2    1   408
   83         3     46     7    1  1211
   83         3     47     3    1   542
   83         3     48     6    1  1015
   83         3     49     8    1   557
   83         3     50     4    1   578
   83         3     51     5    1   588
   83         3     52     7    1   470
   83         3     53     1    1   382
   83         3     54     2    1   362
   83         3     55     7    1   511
   83         3     56     2    1   398
   83         3     57     3    1   527
   83         3     58     1    1   511
   83         3     59     5    1   357
   83         3     60     1    1   490
   83         3     61     7    1   794
   83         3     62     1    1   517
   83         3     63     4    1   490
   83         3     64     2    1   387
   83         4      1     4    1   551
   83         4      2     5    1   588
   83         4      3     7    1   465
   83         4      4     2    1   336
   83         4      5     6    1   397
   83         4      6     2    1   495
   83         4      7     1    1   470
   83         4      8     2    1   310
   83         4      9     7    1   527
   83         4     10     3    1   474
   83         4     11     3    1   573
   83         4     12     4    1   413
   83         4     13     6    1   408
   83         4     14     1    1   372
   83         4     15     4    0   367
   83         4     16     3    1   701
   83         4     17     7    1   506
   83         4     18     4    1   552
   83         4     19     2    1   501
   83         4     20     7    1   629
   83         4     21     5    1   449
   83         4     22     8    1   570
   83         4     23     2    1   650
   83         4     24     8    1   557
   83         4     25     5    1   424
   83         4     26     2    1   361
   83         4     27     5    1   383
   83         4     28     7    1   593
   83         4     29     3    1   444
   83         4     30     6    1   392
   83         4     31     1    1   676
   83         4     32     1    1   403
   83         4     33     3    1   331
   83         4     34     6    1   393
   83         4     35     1    1   424
   83         4     36     7    1   433
   83         4     37     4    1   538
   83         4     38     3    1   423
   83         4     39     1    1   922
   83         4     40     3    1   413
   83         4     41     6    1   392
   83         4     42     7    1   397
   83         4     43     4    1   367
   83         4     44     7    1   469
   83         4     45     3    1   418
   83         4     46     8    1   439
   83         4     47     2    1   439
   83         4     48     6    1   423
   83         4     49     1    1   768
   83         4     50     8    1   542
   83         4     51     4    1   434
   83         4     52     8    1   758
   83         4     53     5    1   521
   83         4     54     8    1   526
   83         4     55     5    1  1015
   83         4     56     6    1   342
   83         4     57     4    1   387
   83         4     58     5    1   341
   83         4     59     2    1   341
   83         4     60     8    1   480
   83         4     61     5    1   305
   83         4     62     6    1   403
   83         4     63     8    1   434
   83         4     64     1    1   372
   83         5      1     7    1   480
   83         5      2     4    0   326
   83         5      3     8    1   527
   83         5      4     3    1   496
   83         5      5     8    1   408
   83         5      6     6    1   346
   83         5      7     7    1   495
   83         5      8     4    1   583
   83         5      9     7    1   459
   83         5     10     3    1   830
   83         5     11     7    1   521
   83         5     12     2    1   783
   83         5     13     5    1   511
   83         5     14     5    1   309
   83         5     15     4    1   542
   83         5     16     2    1  1051
   83         5     17     4    1   619
   83         5     18     3    1   511
   83         5     19     7    1   531
   83         5     20     5    1   367
   83         5     21     2    0   485
   83         5     22     2    1   727
   83         5     23     6    1   387
   83         5     24     8    1  1015
   83         5     25     1    1   651
   83         5     26     7    1   537
   83         5     27     4    1   367
   83         5     28     8    1  1370
   83         5     29     1    1   449
   83         5     30     3    0   362
   83         5     31     3    1   675
   83         5     32     8    1   506
   83         5     33     8    1   506
   83         5     34     7    1   635
   83         5     35     5    1   315
   83         5     36     1    1   552
   83         5     37     5    1   445
   83         5     38     2    1   758
   83         5     39     5    1   490
   83         5     40     8    1   609
   83         5     41     4    1  1031
   83         5     42     3    1   414
   83         5     43     4    1   367
   83         5     44     7    1   995
   83         5     45     6    1   665
   83         5     46     3    1   423
   83         5     47     6    1   356
   83         5     48     8    1   357
   83         5     49     6    1   434
   83         5     50     1    1   588
   83         5     51     1    1   402
   83         5     52     4    1   588
   83         5     53     1    1   788
   83         5     54     6    1   361
   83         5     55     6    1   367
   83         5     56     2    1   567
   83         5     57     5    1   300
   83         5     58     1    1   475
   83         5     59     5    1   326
   83         5     60     3    1   434
   83         5     61     2    1   428
   83         5     62     2    1   557
   83         5     63     1    1   331
   83         5     64     6    1   326
   83         6      1     2    1   439
   83         6      2     5    1   362
   83         6      3     8    0   398
   83         6      4     1    1   938
   83         6      5     2    1   496
   83         6      6     2    1   412
   83         6      7     8    0   310
   83         6      8     7    1   753
   83         6      9     7    1   490
   83         6     10     4    1   470
   83         6     11     2    1   577
   83         6     12     5    1   583
   83         6     13     1    1   403
   83         6     14     1    1   351
   83         6     15     6    1   500
   83         6     16     1    1   409
   83         6     17     1    1   486
   83         6     18     8    1   938
   83         6     19     3    1   737
   83         6     20     4    0  1998
   83         6     21     6    1  1355
   83         6     22     3    1   444
   83         6     23     5    1   326
   83         6     24     4    1   485
   83         6     25     3    1   382
   83         6     26     5    1   512
   83         6     27     7    1   583
   83         6     28     4    1   388
   83         6     29     7    1   732
   83         6     30     8    1   495
   83         6     31     2    1   449
   83         6     32     7    1   403
   83         6     33     6    1   356
   83         6     34     6    1   346
   83         6     35     1    1   424
   83         6     36     5    1   552
   83         6     37     7    1   599
   83         6     38     3    1   615
   83         6     39     2    1  1087
   83         6     40     2    1   367
   83         6     41     4    1   470
   83         6     42     2    1   490
   83         6     43     8    1   686
   83         6     44     6    1   388
   83         6     45     3    1   984
   83         6     46     8    1   465
   83         6     47     1    1   583
   83         6     48     7    1   923
   83         6     49     6    1   572
   83         6     50     8    1   583
   83         6     51     7    1   547
   83         6     52     3    1   321
   83         6     53     6    1   310
   83         6     54     5    1   429
   83         6     55     6    1   342
   83         6     56     3    1   490
   83         6     57     5    1   403
   83         6     58     5    1   351
   83         6     59     4    1   552
   83         6     60     4    1   382
   83         6     61     1    0   321
   83         6     62     4    1   625
   83         6     63     3    1   433
   83         6     64     8    1   429
   83         7      1     6    1   578
   83         7      2     6    1   428
   83         7      3     6    1   367
   83         7      4     7    1   408
   83         7      5     3    1   531
   83         7      6     2    1   608
   83         7      7     4    1   413
   83         7      8     1    1   362
   83         7      9     6    1   454
   83         7     10     7    1   557
   83         7     11     4    1   681
   83         7     12     5    0   553
   83         7     13     5    1   392
   83         7     14     1    1   538
   83         7     15     1    1   613
   83         7     16     5    1   408
   83         7     17     3    1   676
   83         7     18     2    1   357
   83         7     19     4    1   439
   83         7     20     7    1   464
   83         7     21     2    1   402
   83         7     22     5    1   444
   83         7     23     6    1   382
   83         7     24     2    0     0
   83         7     25     6    1   372
   83         7     26     2    1   269
   83         7     27     3    0   346
   83         7     28     8    1   644
   83         7     29     8    1   557
   83         7     30     8    1   393
   83         7     31     4    1   454
   83         7     32     1    1   773
   83         7     33     1    1   449
   83         7     34     4    1   501
   83         7     35     8    1   516
   83         7     36     2    1   438
   83         7     37     3    0   392
   83         7     38     7    1   943
   83         7     39     7    1   500
   83         7     40     1    1   598
   83         7     41     2    1   428
   83         7     42     3    1   671
   83         7     43     5    1   382
   83         7     44     7    1   449
   83         7     45     3    1   423
   83         7     46     4    1   428
   83         7     47     4    1   476
   83         7     48     3    1   382
   83         7     49     5    1   423
   83         7     50     3    1   367
   83         7     51     2    1   403
   83         7     52     7    1   424
   83         7     53     8    1   572
   83         7     54     4    1   398
   83         7     55     1    1   527
   83         7     56     6    1   392
   83         7     57     8    1   660
   83         7     58     8    1   428
   83         7     59     5    1   387
   83         7     60     5    1   434
   83         7     61     8    1   537
   83         7     62     7    1   656
   83         7     63     1    1   413
   83         7     64     6    1   459
   83         8      1     1    1   701
   83         8      2     3    1   933
   83         8      3     8    0  1998
   83         8      4     2    1   819
   83         8      5     5    1   480
   83         8      6     5    1   367
   83         8      7     8    1   537
   83         8      8     6    1   727
   83         8      9     1    1   408
   83         8     10     6    1   856
   83         8     11     4    1   850
   83         8     12     3    1   748
   83         8     13     5    1   413
   83         8     14     6    1   387
   83         8     15     1    1   346
   83         8     16     6    1   450
   83         8     17     4    1   547
   83         8     18     7    1   496
   83         8     19     4    1   768
   83         8     20     4    1   460
   83         8     21     3    1   531
   83         8     22     2    0   367
   83         8     23     2    1   654
   83         8     24     3    1   557
   83         8     25     2    1   804
   83         8     26     7    1   501
   83         8     27     5    1   449
   83         8     28     7    1   357
   83         8     29     1    1   454
   83         8     30     7    1   480
   83         8     31     8    0   505
   83         8     32     8    1   614
   83         9      1     4    1   928
   83         9      2     6    1   372
   83         9      3     3    1   593
   83         9      4     7    1   490
   83         9      5     1    1   845
   83         9      6     6    1   558
   83         9      7     2    1   625
   83         9      8     2    1   589
   83         9      9     5    1   413
   83         9     10     5    1   568
   83         9     11     8    1   572
   83         9     12     3    1   655
   83         9     13     7    1   460
   83         9     14     1    1   362
   83         9     15     1    1   336
   83         9     16     5    1   331
   83         9     17     2    1   409
   83         9     18     4    1   682
   83         9     19     7    0   341
   83         9     20     4    1   578
   83         9     21     4    1   439
   83         9     22     1    1   773
   83         9     23     6    1   897
   83         9     24     3    1   634
   83         9     25     5    1   521
   83         9     26     6    1   418
   83         9     27     4    1   444
   83         9     28     3    1   572
   83         9     29     7    1   825
   83         9     30     5    1   424
   83         9     31     8    1   418
   83         9     32     2    1   423
   83         9     33     8    1   541
   83         9     34     3    1   532
   83         9     35     4    1   619
   83         9     36     5    1   543
   83         9     37     5    1   393
   83         9     38     7    1   387
   83         9     39     3    1   398
   83         9     40     2    1   418
   83         9     41     4    1   516
   83         9     42     2    1   500
   83         9     43     3    1   423
   83         9     44     6    1   403
   83         9     45     8    1   944
   83         9     46     6    1   563
   83         9     47     4    1   938
   83         9     48     6    1   439
   83         9     49     2    1   527
   83         9     50     1    1   444
   83         9     51     8    1   605
   83         9     52     3    1   464
   83         9     53     1    1   423
   83         9     54     1    1   408
   83         9     55     8    1   547
   83         9     56     7    1   392
   83         9     57     8    1   486
   83         9     58     7    1   438
   83         9     59     5    1   563
   83         9     60     8    1   538
   83         9     61     7    1   495
   83         9     62     6    1   944
   83         9     63     1    1   403
   83         9     64     2    1   320
   83        10      1     6    1   804
   83        10      2     4    1   470
   83        10      3     5    1   613
   83        10      4     1    1   521
   83        10      5     4    1   511
   83        10      6     7    1  1380
   83        10      7     6    1   377
   83        10      8     1    1   423
   83        10      9     2    1   393
   83        10     10     6    1   387
   83        10     11     5    1   424
   83        10     12     8    1   608
   83        10     13     8    1   435
   83        10     14     2    1   907
   83        10     15     3    1   506
   83        10     16     5    1   938
   83        10     17     7    1   398
   83        10     18     2    1   388
   83        10     19     5    1   706
   83        10     20     3    1  1396
   83        10     21     4    1   511
   83        10     22     7    0   372
   83        10     23     5    1   552
   83        10     24     7    1   671
   83        10     25     2    1   572
   83        10     26     6    1   608
   83        10     27     2    1   508
   83        10     28     5    1   429
   83        10     29     5    1   413
   83        10     30     7    1   495
   83        10     31     1    1   377
   83        10     32     2    1   418
   83        10     33     4    1   636
   83        10     34     8    0   500
   83        10     35     1    1   480
   83        10     36     6    1   439
   83        10     37     7    1   568
   83        10     38     1    1   377
   83        10     39     4    1   500
   83        10     40     6    1   603
   83        10     41     1    1   362
   83        10     42     8    1   557
   83        10     43     6    1   449
   83        10     44     3    1   552
   83        10     45     2    1   511
   83        10     46     5    1   598
   83        10     47     8    1   578
   83        10     48     4    1  1210
   83        10     49     4    1   464
   83        10     50     2    1   517
   83        10     51     1    1   469
   83        10     52     4    1   584
   83        10     53     1    1   408
   83        10     54     3    1   629
   83        10     55     3    1   887
   83        10     56     3    1   604
   83        10     57     7    1   701
   83        10     58     8    1   455
   83        10     59     8    1   429
   83        10     60     6    1   475
   83        10     61     3    1   634
   83        10     62     3    1   439
   83        10     63     7    1   475
   83        10     64     8    1   562
   83        11      1     8    1   506
   83        11      2     2    1   383
   83        11      3     7    1   593
   83        11      4     1    1   356
   83        11      5     2    1   480
   83        11      6     3    1  1056
   83        11      7     4    1   506
   83        11      8     6    1   320
   83        11      9     6    1   310
   83        11     10     5    0   542
   83        11     11     4    1   516
   83        11     12     2    1   512
   83        11     13     2    1   711
   83        11     14     5    1   665
   83        11     15     6    1   614
   83        11     16     3    0   568
   83        11     17     3    1   979
   83        11     18     8    1   624
   83        11     19     6    1   490
   83        11     20     7    1   409
   83        11     21     5    1   501
   83        11     22     8    1   516
   83        11     23     4    1   516
   83        11     24     6    1   398
   83        11     25     7    1   604
   83        11     26     1    1   383
   83        11     27     7    1   568
   83        11     28     1    1   341
   83        11     29     1    1   320
   83        11     30     1    1   305
   83        11     31     2    1   444
   83        11     32     5    1   336
   83        11     33     6    1   356
   83        11     34     1    1   346
   83        11     35     5    1   398
   83        11     36     8    1   691
   83        11     37     6    0   521
   83        11     38     3    1   805
   83        11     39     3    1   351
   83        11     40     8    1   512
   83        11     41     8    1   686
   83        11     42     8    1   469
   83        11     43     5    1   644
   83        11     44     1    1   845
   83        11     45     7    1   517
   83        11     46     4    1  1195
   83        11     47     7    1   542
   83        11     48     1    1   372
   83        11     49     2    1   583
   83        11     50     3    1   595
   83        11     51     4    1   593
   83        11     52     4    1   444
   83        11     53     3    1   686
   83        11     54     2    1   491
   83        11     55     2    1   634
   83        11     56     3    0   634
   83        11     57     6    1   620
   83        11     58     8    1   434
   83        11     59     5    1   392
   83        11     60     4    1   634
   83        11     61     4    1   541
   83        11     62     5    1   485
   83        11     63     7    1   516
   83        11     64     7    1   362
   83        12      1     2    1   558
   83        12      2     3    1   490
   83        12      3     1    1   547
   83        12      4     7    1   552
   83        12      5     5    1   454
   83        12      6     7    1   589
   83        12      7     5    1   465
   83        12      8     2    1   603
   83        12      9     7    1   500
   83        12     10     2    1   547
   83        12     11     6    0   506
   83        12     12     2    1  1010
   83        12     13     5    1   572
   83        12     14     3    1   542
   83        12     15     4    1   593
   83        12     16     4    1   382
   83        12     17     3    1   552
   83        12     18     4    1   517
   83        12     19     1    1   747
   83        12     20     6    1   609
   83        12     21     6    1   413
   83        12     22     3    1   413
   83        12     23     2    1   444
   83        12     24     4    1   516
   83        12     25     7    0   409
   83        12     26     1    1   676
   83        12     27     5    1   378
   83        12     28     8    0   382
   83        12     29     6    1   578
   83        12     30     8    1   598
   83        12     31     7    1   434
   83        12     32     3    1   557
   83        12     33     1    1   480
   83        12     34     8    1   526
   83        12     35     7    1   557
   83        12     36     6    1   645
   83        12     37     7    1   532
   83        12     38     6    1   969
   83        12     39     4    1  1164
   83        12     40     4    1   552
   83        12     41     7    1   583
   83        12     42     5    1   609
   83        12     43     8    1   531
   83        12     44     5    1   608
   83        12     45     8    1   588
   83        12     46     8    1   466
   83        12     47     3    1   649
   83        12     48     6    1  1736
   83        12     49     2    1   660
   83        12     50     2    1  1216
   83        12     51     3    1   491
   83        12     52     8    1   541
   83        12     53     3    1   604
   83        12     54     2    1   439
   83        12     55     1    1   625
   83        12     56     5    1   619
   83        12     57     1    1   439
   83        12     58     1    1   485
   83        12     59     4    1   670
   83        12     60     6    1   656
   83        12     61     4    1   536
   83        12     62     8    1   557
   83        12     63     1    1   871
   83        12     64     5    1   537
   83        13      1     2    1   588
   83        13      2     6    1   398
   83        13      3     4    1   681
   83        13      4     3    1   572
   83        13      5     7    1   511
   83        13      6     8    1  1031
   83        13      7     2    1   655
   83        13      8     3    1  1808
   83        13      9     2    1   650
   83        13     10     2    1   470
   83        13     11     5    1   418
   83        13     12     2    1   543
   83        13     13     7    1   665
   83        13     14     8    1   501
   83        13     15     8    1   377
   83        13     16     8    1   336
   83        13     17     6    1   537
   83        13     18     5    1   583
   83        13     19     4    0   372
   83        13     20     5    1   640
   83        13     21     4    1   563
   83        13     22     6    1   491
   83        13     23     1    1   531
   83        13     24     1    1   444
   83        13     25     5    1   578
   83        13     26     1    1  1056
   83        13     27     7    1   701
   83        13     28     3    1   501
   83        13     29     7    1   547
   83        13     30     1    1   665
   83        13     31     2    1   666
   83        13     32     7    1   490
   83        13     33     8    1   593
   83        13     34     7    1   413
   83        13     35     6    1   721
   83        13     36     6    1   573
   83        13     37     3    1   603
   83        13     38     1    1   500
   83        13     39     3    1   644
   83        13     40     3    1   516
   83        13     41     1    1   356
   83        13     42     7    1   511
   83        13     43     6    1   728
   83        13     44     1    1   433
   83        13     45     7    1   516
   83        13     46     4    1   763
   83        13     47     8    1   558
   83        13     48     4    1   579
   83        13     49     8    1   480
   83        13     50     5    1   593
   83        13     51     4    0   372
   83        13     52     4    1   593
   83        13     53     2    1   593
   83        13     54     6    0   480
   83        13     55     4    1   639
   83        13     56     6    1   423
   83        13     57     1    1   351
   83        13     58     3    1   428
   83        13     59     5    1   398
   83        13     60     5    1   409
   83        13     61     8    1   558
   83        13     62     2    1   409
   83        13     63     5    1   429
   83        13     64     3    1   495
   83        14      1     5    1   651
   83        14      2     5    1   418
   83        14      3     6    1   573
   83        14      4     2    1   459
   83        14      5     7    1   577
   83        14      6     5    1   533
   83        14      7     8    1   557
   83        14      8     8    1   367
   83        14      9     2    1   588
   83        14     10     6    1   593
   83        14     11     2    1   475
   83        14     12     4    0   402
   83        14     13     2    1   511
   83        14     14     6    1   619
   83        14     15     1    1   356
   83        14     16     1    1   403
   83        14     17     1    1   367
   83        14     18     4    1   594
   83        14     19     3    1   645
   83        14     20     8    1   429
   83        14     21     4    1   640
   83        14     22     5    1   491
   83        14     23     1    1   521
   83        14     24     3    1   557
   83        14     25     4    1   650
   83        14     26     3    1   521
   83        14     27     5    1   434
   83        14     28     8    1   939
   83        14     29     3    1   511
   83        14     30     3    1   511
   83        14     31     7    1   351
   83        14     32     7    1   388
   83        14     33     4    1   414
   83        14     34     7    1   568
   83        14     35     7    1   475
   83        14     36     1    1   485
   83        14     37     7    1   485
   83        14     38     3    1   681
   83        14     39     4    1   501
   83        14     40     5    1   603
   83        14     41     6    1   594
   83        14     42     4    1   640
   83        14     43     4    1   543
   83        14     44     6    1   382
   83        14     45     2    1  1355
   83        14     46     6    1   583
   83        14     47     3    1   449
   83        14     48     8    1   418
   83        14     49     5    1   542
   83        14     50     2    1   419
   83        14     51     8    1   516
   83        14     52     1    1   346
   83        14     53     5    1   372
   83        14     54     6    1   681
   83        14     55     2    1   506
   83        14     56     7    1   454
   83        14     57     6    1   711
   83        14     58     1    1   382
   83        14     59     3    1   485
   83        14     60     1    1   475
   83        14     61     8    1   675
   83        14     62     2    1   459
   83        14     63     7    1   521
   83        14     64     8    1   521
