% SubNumber, Age, Gender 	    14    19     1
% Contents of columns:
% Sub  BlockNum  Trial  Trty  Cor    RT
   14         8      1     1    0  1999
   14         8      2     6    0  1997
   14         8      3     8    1  1076
   14         8      4     8    1   763
   14         8      5     4    1  1128
   14         8      6     1    1  1349
   14         8      7     7    1   793
   14         8      8     3    1   665
   14         8      9     2    1  1519
   14         8     10     8    1   804
   14         8     11     3    1   753
   14         8     12     5    1   639
   14         8     13     5    1   480
   14         8     14     4    1  1092
   14         8     15     5    1   598
   14         8     16     2    1   671
   14         8     17     6    1   911
   14         8     18     2    1   680
   14         8     19     8    1   680
   14         8     20     6    1   701
   14         8     21     6    1   444
   14         8     22     4    1   465
   14         8     23     5    1   628
   14         8     24     2    1   593
   14         8     25     4    1   604
   14         8     26     3    1   593
   14         8     27     1    1   675
   14         8     28     3    1   552
   14         8     29     7    0   485
   14         8     30     7    1  1416
   14         8     31     1    1   552
   14         8     32     7    1   485
   14         9      1     7    1  1236
   14         9      2     1    1   572
   14         9      3     7    1   465
   14         9      4     2    0   634
   14         9      5     8    1  1396
   14         9      6     1    1   542
   14         9      7     4    0   721
   14         9      8     1    1  1514
   14         9      9     8    1   814
   14         9     10     6    1   650
   14         9     11     8    1   788
   14         9     12     2    1   876
   14         9     13     8    1   516
   14         9     14     4    1   619
   14         9     15     2    1   902
   14         9     16     4    1   685
   14         9     17     3    1   794
   14         9     18     1    1  1082
   14         9     19     2    0   665
   14         9     20     3    0  1778
   14         9     21     5    1   820
   14         9     22     5    1   567
   14         9     23     6    0   716
   14         9     24     5    1   639
   14         9     25     6    1  1138
   14         9     26     8    1   737
   14         9     27     8    1   614
   14         9     28     7    1  1262
   14         9     29     1    1   619
   14         9     30     3    1   624
   14         9     31     8    1   908
   14         9     32     3    1   634
   14         9     33     3    1   588
   14         9     34     5    1   511
   14         9     35     6    1  1344
   14         9     36     6    1   757
   14         9     37     5    1   927
   14         9     38     4    1  1077
   14         9     39     2    1   573
   14         9     40     7    0   840
   14         9     41     3    0  1997
   14         9     42     7    1  1010
   14         9     43     7    1   578
   14         9     44     2    1   599
   14         9     45     5    0   423
   14         9     46     3    1  1046
   14         9     47     4    1   603
   14         9     48     8    1   686
   14         9     49     6    0  1334
   14         9     50     1    1  1107
   14         9     51     4    1  1644
   14         9     52     2    1   933
   14         9     53     1    1  1339
   14         9     54     3    1   866
   14         9     55     6    0   887
   14         9     56     4    1   609
   14         9     57     1    1   691
   14         9     58     5    1   645
   14         9     59     5    1   454
   14         9     60     4    1   691
   14         9     61     7    0   403
   14         9     62     2    1   505
   14         9     63     6    1   774
   14         9     64     7    1   938
   14        10      1     2    1   640
   14        10      2     1    1  1252
   14        10      3     1    1   696
   14        10      4     2    1   737
   14        10      5     8    1   547
   14        10      6     4    1   696
   14        10      7     2    1   562
   14        10      8     7    1   819
   14        10      9     6    1   727
   14        10     10     1    1   630
   14        10     11     5    1   521
   14        10     12     6    1   599
   14        10     13     5    1   454
   14        10     14     1    1   583
   14        10     15     6    1   722
   14        10     16     4    1   640
   14        10     17     5    1   619
   14        10     18     8    1   517
   14        10     19     2    1   413
   14        10     20     8    1   356
   14        10     21     2    1   316
   14        10     22     5    1   511
   14        10     23     3    1   511
   14        10     24     3    1   342
   14        10     25     7    0   269
   14        10     26     4    1   722
   14        10     27     3    1   604
   14        10     28     8    1   630
   14        10     29     3    1   557
   14        10     30     4    1   876
   14        10     31     1    1   984
   14        10     32     6    1  1085
   14        10     33     2    1   685
   14        10     34     5    1   598
   14        10     35     7    1   975
   14        10     36     6    1   619
   14        10     37     8    1  1396
   14        10     38     8    1   537
   14        10     39     7    0   675
   14        10     40     5    1   809
   14        10     41     1    1  1072
   14        10     42     1    1   696
   14        10     43     5    1   511
   14        10     44     3    1   521
   14        10     45     4    0   598
   14        10     46     7    1   954
   14        10     47     8    1  1164
   14        10     48     5    1   927
   14        10     49     3    1   583
   14        10     50     1    1   562
   14        10     51     7    1   799
   14        10     52     7    1   418
   14        10     53     3    1   501
   14        10     54     4    1   717
   14        10     55     8    1   619
   14        10     56     6    1   501
   14        10     57     6    1   593
   14        10     58     7    0   490
   14        10     59     4    1   757
   14        10     60     6    1   665
   14        10     61     3    0   624
   14        10     62     2    1   619
   14        10     63     2    1   387
   14        10     64     4    1   665
   14        11      1     5    1  1318
   14        11      2     3    1   644
   14        11      3     2    1  1061
   14        11      4     4    1   783
   14        11      5     3    1   701
   14        11      6     7    1   619
   14        11      7     7    1   994
   14        11      8     3    1   670
   14        11      9     6    1   634
   14        11     10     2    1   650
   14        11     11     2    1   562
   14        11     12     6    1   696
   14        11     13     8    1   558
   14        11     14     6    1   537
   14        11     15     7    1   712
   14        11     16     4    1   568
   14        11     17     8    1   536
   14        11     18     5    1   537
   14        11     19     7    1  1046
   14        11     20     7    1   495
   14        11     21     4    1   495
   14        11     22     8    1   645
   14        11     23     1    1  1247
   14        11     24     2    1   670
   14        11     25     5    1   408
   14        11     26     6    0   644
   14        11     27     4    1  1299
   14        11     28     5    1   624
   14        11     29     2    1   727
   14        11     30     1    0   948
   14        11     31     4    1  1375
   14        11     32     1    1   738
   14        11     33     6    1   440
   14        11     34     8    1   650
   14        11     35     2    1   588
   14        11     36     1    1  1005
   14        11     37     8    1   907
   14        11     38     8    1   655
   14        11     39     1    0   819
   14        11     40     6    1  1740
   14        11     41     7    1  1097
   14        11     42     3    1   671
   14        11     43     6    1   665
   14        11     44     2    1   634
   14        11     45     6    1  1138
   14        11     46     4    1   630
   14        11     47     5    1  1082
   14        11     48     2    1   675
   14        11     49     1    0  1056
   14        11     50     3    1   733
   14        11     51     3    1   552
   14        11     52     3    1   573
   14        11     53     5    1   495
   14        11     54     1    1   814
   14        11     55     1    1   835
   14        11     56     8    0   644
   14        11     57     4    1   630
   14        11     58     7    1   712
   14        11     59     3    1   614
   14        11     60     5    1   495
   14        11     61     8    1   593
   14        11     62     7    1   953
   14        11     63     5    1   742
   14        11     64     4    1   804
   14        12      1     2    1   794
   14        12      2     2    1   670
   14        12      3     4    1  1215
   14        12      4     4    1   490
   14        12      5     8    1   727
   14        12      6     3    1   773
   14        12      7     6    1  1139
   14        12      8     2    1   567
   14        12      9     8    1   604
   14        12     10     3    1   701
   14        12     11     3    1   397
   14        12     12     3    1   372
   14        12     13     5    1   362
   14        12     14     6    0   757
   14        12     15     8    1  1021
   14        12     16     3    1   629
   14        12     17     1    0  1998
   14        12     18     7    1   634
   14        12     19     7    1   799
   14        12     20     2    1   809
   14        12     21     8    1   681
   14        12     22     4    1   655
   14        12     23     1    1  1504
   14        12     24     7    1   639
   14        12     25     4    1   696
   14        12     26     4    1   577
   14        12     27     4    1   557
   14        12     28     7    1   624
   14        12     29     8    1   676
   14        12     30     1    0  1026
   14        12     31     1    1  1344
   14        12     32     6    1   938
   14        12     33     6    1   547
   14        12     34     5    1   722
   14        12     35     7    1   660
   14        12     36     4    1   614
   14        12     37     8    1   686
   14        12     38     6    1   917
   14        12     39     5    1  1596
   14        12     40     5    1   609
   14        12     41     8    1   628
   14        12     42     6    1   903
   14        12     43     5    1   819
   14        12     44     2    1   439
   14        12     45     2    1   397
   14        12     46     7    1   984
   14        12     47     3    1   629
   14        12     48     4    1  1082
   14        12     49     2    1   768
   14        12     50     2    1   619
   14        12     51     7    1  1308
   14        12     52     5    1   542
   14        12     53     7    1   675
   14        12     54     1    1   639
   14        12     55     6    1   860
   14        12     56     1    1   629
   14        12     57     3    1   542
   14        12     58     5    1   521
   14        12     59     3    1   438
   14        12     60     5    1   434
   14        12     61     8    1   603
   14        12     62     1    1   804
   14        12     63     6    1   711
   14        12     64     1    1   629
   14        13      1     2    1   979
   14        13      2     7    1  1288
   14        13      3     6    1   593
   14        13      4     8    1   634
   14        13      5     1    1  1061
   14        13      6     5    1   485
   14        13      7     3    1   589
   14        13      8     7    1   743
   14        13      9     3    1   619
   14        13     10     1    1   871
   14        13     11     1    1   743
   14        13     12     8    1   820
   14        13     13     2    1   454
   14        13     14     6    1   928
   14        13     15     8    1   572
   14        13     16     4    1   614
   14        13     17     3    1   747
   14        13     18     5    1   449
   14        13     19     6    1  1200
   14        13     20     5    1   706
   14        13     21     2    1   552
   14        13     22     8    1   696
   14        13     23     2    1   325
   14        13     24     3    1   619
   14        13     25     1    1   846
   14        13     26     4    1   624
   14        13     27     6    1   640
   14        13     28     1    1   794
   14        13     29     5    1   557
   14        13     30     3    1   507
   14        13     31     7    1   665
   14        13     32     7    1   511
   14        13     33     1    1   752
   14        13     34     5    1   604
   14        13     35     4    1   593
   14        13     36     4    1   434
   14        13     37     8    1   486
   14        13     38     3    1   578
   14        13     39     6    1   624
   14        13     40     6    1   449
   14        13     41     2    1   465
   14        13     42     7    1   835
   14        13     43     2    1   403
   14        13     44     8    1   315
   14        13     45     6    1   522
   14        13     46     5    0   593
   14        13     47     4    1   783
   14        13     48     2    1   768
   14        13     49     4    1   886
   14        13     50     6    1   557
   14        13     51     4    1   480
   14        13     52     5    1  1282
   14        13     53     7    1   943
   14        13     54     2    1   655
   14        13     55     8    1   527
   14        13     56     8    1   475
   14        13     57     4    1   706
   14        13     58     1    1   953
   14        13     59     5    1   783
   14        13     60     7    1   876
   14        13     61     3    1   732
   14        13     62     3    1   506
   14        13     63     7    1   645
   14        13     64     1    1   609
   14        14      1     1    0  1025
   14        14      2     8    1  1241
   14        14      3     5    1   634
   14        14      4     3    1   933
   14        14      5     7    1   640
   14        14      6     1    1  1237
   14        14      7     3    1   598
   14        14      8     7    1   558
   14        14      9     2    1   851
   14        14     10     2    1   527
   14        14     11     3    1   573
   14        14     12     7    1   552
   14        14     13     7    1  1972
   14        14     14     6    1  1030
   14        14     15     6    1   496
   14        14     16     6    1   491
   14        14     17     6    1   449
   14        14     18     5    1   604
   14        14     19     3    1   522
   14        14     20     2    1   433
   14        14     21     6    1   784
   14        14     22     5    1   541
   14        14     23     7    1   686
   14        14     24     7    1   500
   14        14     25     1    1   434
   14        14     26     2    1  1345
   14        14     27     1    1   872
   14        14     28     4    1   763
   14        14     29     8    1   758
   14        14     30     2    1   418
   14        14     31     4    1   562
   14        14     32     3    1  1823
   14        14     33     2    1   557
   14        14     34     4    1   681
   14        14     35     8    1   465
   14        14     36     2    1   727
   14        14     37     5    1   573
   14        14     38     4    1  1087
   14        14     39     4    1   495
   14        14     40     3    0   578
   14        14     41     7    1   845
   14        14     42     1    1   660
   14        14     43     3    1   671
   14        14     44     3    1   449
   14        14     45     6    1   814
   14        14     46     8    1   588
   14        14     47     4    1   670
   14        14     48     8    1   526
   14        14     49     1    1  1061
   14        14     50     7    1   660
   14        14     51     8    1   598
   14        14     52     5    1   413
   14        14     53     5    1   403
   14        14     54     8    1   578
   14        14     55     1    1  1576
   14        14     56     6    1   516
   14        14     57     5    1   578
   14        14     58     4    1   589
   14        14     59     6    1   388
   14        14     60     5    1   670
   14        14     61     4    1   573
   14        14     62     1    1   654
   14        14     63     2    1   480
   14        14     64     8    1   490
   14         1      1     1    1   794
   14         1      2     3    1   896
   14         1      3     2    1   470
   14         1      4     4    1   444
   14         1      5     7    1   608
   14         1      6     1    1   520
   14         1      7     4    1   439
   14         1      8     7    1   351
   14         1      9     2    1   459
   14         1     10     8    1   464
   14         1     11     5    1   526
   14         1     12     6    1   413
   14         1     13     7    1   469
   14         1     14     3    1   423
   14         1     15     4    1   511
   14         1     16     5    1   554
   14         1     17     8    1   573
   14         1     18     1    1   505
   14         1     19     7    1   439
   14         1     20     3    1   670
   14         1     21     3    1   599
   14         1     22     2    1   505
   14         1     23     6    1   506
   14         1     24     1    1   305
   14         1     25     2    1   444
   14         1     26     6    1   522
   14         1     27     5    1   511
   14         1     28     8    1   583
   14         1     29     6    0   495
   14         1     30     4    1   634
   14         1     31     8    1   480
   14         1     32     5    1   505
   14         2      1     1    1   393
   14         2      2     5    1   372
   14         2      3     8    1   464
   14         2      4     3    1   387
   14         2      5     5    0   429
   14         2      6     3    1  1004
   14         2      7     8    1   551
   14         2      8     4    1   464
   14         2      9     6    1   485
   14         2     10     1    1   459
   14         2     11     5    1   351
   14         2     12     3    1   546
   14         2     13     4    1   413
   14         2     14     2    1   532
   14         2     15     8    1   464
   14         2     16     8    1   521
   14         2     17     5    1   542
   14         2     18     1    1   721
   14         2     19     1    1   449
   14         2     20     6    1   522
   14         2     21     3    1   578
   14         2     22     7    1   619
   14         2     23     7    1   475
   14         2     24     8    1   619
   14         2     25     2    1   702
   14         2     26     4    1   542
   14         2     27     7    1   675
   14         2     28     3    1   418
   14         2     29     2    1   511
   14         2     30     1    1   449
   14         2     31     6    1   526
   14         2     32     8    1   500
   14         2     33     6    1   707
   14         2     34     4    1   640
   14         2     35     4    1   670
   14         2     36     4    1   418
   14         2     37     2    1   491
   14         2     38     2    1   569
   14         2     39     4    1   526
   14         2     40     1    1   501
   14         2     41     3    1   449
   14         2     42     7    1   794
   14         2     43     8    1   444
   14         2     44     5    1   471
   14         2     45     5    1   434
   14         2     46     1    1   392
   14         2     47     5    1   603
   14         2     48     7    1   583
   14         2     49     7    1   476
   14         2     50     2    1   552
   14         2     51     8    1   542
   14         2     52     2    1   403
   14         2     53     6    1   480
   14         2     54     3    1   552
   14         2     55     4    1   501
   14         2     56     2    1   551
   14         2     57     6    1   516
   14         2     58     6    1   490
   14         2     59     7    1   676
   14         2     60     5    0   532
   14         2     61     6    1   578
   14         2     62     7    1   567
   14         2     63     3    1   475
   14         2     64     1    1   907
   14         3      1     2    1  1138
   14         3      2     2    1   552
   14         3      3     3    1   866
   14         3      4     7    1   722
   14         3      5     4    1   938
   14         3      6     1    1   455
   14         3      7     6    1   567
   14         3      8     5    1   521
   14         3      9     8    1   784
   14         3     10     1    1   762
   14         3     11     8    1   619
   14         3     12     7    1   521
   14         3     13     5    1   583
   14         3     14     1    1   716
   14         3     15     3    1   763
   14         3     16     4    1   953
   14         3     17     8    1   661
   14         3     18     4    1   562
   14         3     19     1    1   583
   14         3     20     7    0   748
   14         3     21     6    1   855
   14         3     22     4    1   907
   14         3     23     4    1   480
   14         3     24     4    1   434
   14         3     25     7    1   515
   14         3     26     6    1   609
   14         3     27     2    1   372
   14         3     28     3    1   784
   14         3     29     6    1   444
   14         3     30     7    0  1066
   14         3     31     7    1   691
   14         3     32     6    1   501
   14         3     33     5    1   531
   14         3     34     3    1   542
   14         3     35     5    1   413
   14         3     36     3    1   424
   14         3     37     1    1   439
   14         3     38     8    1   706
   14         3     39     8    1   546
   14         3     40     3    1   557
   14         3     41     7    1   562
   14         3     42     2    1   809
   14         3     43     2    1   552
   14         3     44     5    1   438
   14         3     45     5    1   521
   14         3     46     6    1   470
   14         3     47     3    1   526
   14         3     48     6    1   459
   14         3     49     2    1   516
   14         3     50     8    1   650
   14         3     51     1    1   593
   14         3     52     1    1   480
   14         3     53     2    1  1128
   14         3     54     4    1  1406
   14         3     55     8    1   824
   14         3     56     5    1   737
   14         3     57     8    1   551
   14         3     58     1    1   490
   14         3     59     5    1   547
   14         3     60     2    1   613
   14         3     61     6    1   608
   14         3     62     4    1   604
   14         3     63     7    1   567
   14         3     64     3    1   635
   14         4      1     2    1   428
   14         4      2     3    1   475
   14         4      3     5    1   434
   14         4      4     3    1   598
   14         4      5     2    1   399
   14         4      6     1    1   506
   14         4      7     4    1   531
   14         4      8     7    1   392
   14         4      9     1    1   537
   14         4     10     5    1   485
   14         4     11     7    1   624
   14         4     12     1    1   511
   14         4     13     2    1   352
   14         4     14     4    1   418
   14         4     15     3    1   516
   14         4     16     8    1   459
   14         4     17     4    0   418
   14         4     18     2    1   799
   14         4     19     8    1   583
   14         4     20     7    1   454
   14         4     21     7    1   413
   14         4     22     8    1   418
   14         4     23     3    1   455
   14         4     24     5    1   388
   14         4     25     3    1   557
   14         4     26     3    1   388
   14         4     27     6    1   351
   14         4     28     6    1   392
   14         4     29     4    1   470
   14         4     30     8    1   501
   14         4     31     7    1   459
   14         4     32     2    1   444
   14         4     33     8    1   459
   14         4     34     1    1   388
   14         4     35     8    1   505
   14         4     36     6    1   490
   14         4     37     5    1   407
   14         4     38     6    1   346
   14         4     39     7    1   552
   14         4     40     2    1   521
   14         4     41     8    1   408
   14         4     42     1    1   331
   14         4     43     8    1   315
   14         4     44     3    1   583
   14         4     45     6    1   603
   14         4     46     4    1   511
   14         4     47     1    1   531
   14         4     48     4    1   480
   14         4     49     4    1   460
   14         4     50     2    1   572
   14         4     51     6    1   542
   14         4     52     6    1   398
   14         4     53     6    1   408
   14         4     54     5    1   439
   14         4     55     5    1   356
   14         4     56     7    1   500
   14         4     57     5    1   486
   14         4     58     5    1  1076
   14         4     59     7    1   572
   14         4     60     4    1   418
   14         4     61     1    1   707
   14         4     62     3    1   553
   14         4     63     2    1   615
   14         4     64     1    1   882
   14         5      1     1    1   341
   14         5      2     8    1   568
   14         5      3     8    1   382
   14         5      4     4    1   470
   14         5      5     1    1   341
   14         5      6     5    1   362
   14         5      7     2    1   315
   14         5      8     7    1   485
   14         5      9     5    1   357
   14         5     10     3    1   521
   14         5     11     4    1   459
   14         5     12     8    1   465
   14         5     13     7    1   377
   14         5     14     3    1   485
   14         5     15     2    0   511
   14         5     16     2    1   706
   14         5     17     8    1   490
   14         5     18     7    1   577
   14         5     19     2    1   460
   14         5     20     6    1   860
   14         5     21     8    1   711
   14         5     22     5    1   789
   14         5     23     6    1   449
   14         5     24     5    1   388
   14         5     25     3    1   573
   14         5     26     2    1   655
   14         5     27     7    1   583
   14         5     28     5    1   501
   14         5     29     3    1   881
   14         5     30     6    1   403
   14         5     31     6    1   413
   14         5     32     7    1   546
   14         5     33     7    1   485
   14         5     34     1    1   543
   14         5     35     6    1   490
   14         5     36     1    1   753
   14         5     37     6    1   526
   14         5     38     3    1   675
   14         5     39     4    1   794
   14         5     40     6    1   645
   14         5     41     2    1   424
   14         5     42     3    1  1051
   14         5     43     7    1   969
   14         5     44     1    1   769
   14         5     45     5    1   444
   14         5     46     4    1   691
   14         5     47     8    1   907
   14         5     48     1    1   624
   14         5     49     1    1   418
   14         5     50     4    1   542
   14         5     51     8    1   475
   14         5     52     6    1   722
   14         5     53     7    1   418
   14         5     54     2    1   434
   14         5     55     4    1   654
   14         5     56     3    1   542
   14         5     57     2    1   428
   14         5     58     5    1   434
   14         5     59     1    1   315
   14         5     60     4    1   449
   14         5     61     3    1   501
   14         5     62     8    1  1051
   14         5     63     5    0   429
   14         5     64     4    1  1308
   14         6      1     8    1   567
   14         6      2     4    1   614
   14         6      3     5    1   537
   14         6      4     6    1   542
   14         6      5     8    1   387
   14         6      6     7    1   516
   14         6      7     8    1   480
   14         6      8     8    1   444
   14         6      9     8    1   372
   14         6     10     3    1   480
   14         6     11     7    1   562
   14         6     12     3    1   382
   14         6     13     1    1   521
   14         6     14     4    1   552
   14         6     15     6    1   619
   14         6     16     1    1   579
   14         6     17     4    1   655
   14         6     18     2    1   480
   14         6     19     5    1   552
   14         6     20     6    1   486
   14         6     21     2    1   582
   14         6     22     7    0   722
   14         6     23     7    0   599
   14         6     24     1    1   459
   14         6     25     8    1   532
   14         6     26     1    1   413
   14         6     27     7    1   372
   14         6     28     7    1   423
   14         6     29     3    1   577
   14         6     30     5    1   537
   14         6     31     1    1   387
   14         6     32     5    1   403
   14         6     33     6    1   393
   14         6     34     2    1   418
   14         6     35     1    1   450
   14         6     36     3    1   387
   14         6     37     6    1   408
   14         6     38     6    1   418
   14         6     39     5    1   387
   14         6     40     4    1   455
   14         6     41     4    1   398
   14         6     42     1    1   500
   14         6     43     7    1   563
   14         6     44     6    1   656
   14         6     45     4    1   552
   14         6     46     5    1   341
   14         6     47     7    1   681
   14         6     48     2    1   511
   14         6     49     3    1   644
   14         6     50     2    1  1526
   14         6     51     2    1   439
   14         6     52     3    1   485
   14         6     53     4    1   588
   14         6     54     2    1   706
   14         6     55     3    1   433
   14         6     56     5    1   392
   14         6     57     1    1   507
   14         6     58     3    1   434
   14         6     59     2    1   557
   14         6     60     4    1   727
   14         6     61     8    1   542
   14         6     62     5    1   634
   14         6     63     6    1   424
   14         6     64     8    1   598
   14         7      1     1    1   361
   14         7      2     6    1   476
   14         7      3     6    1   434
   14         7      4     5    1   398
   14         7      5     2    1   465
   14         7      6     4    1   567
   14         7      7     6    1   434
   14         7      8     4    1   517
   14         7      9     8    1   485
   14         7     10     7    1   474
   14         7     11     4    1   346
   14         7     12     3    1   521
   14         7     13     6    1   403
   14         7     14     2    1   447
   14         7     15     5    1   367
   14         7     16     4    0   342
   14         7     17     4    1   732
   14         7     18     1    1   377
   14         7     19     7    1   645
   14         7     20     2    1   460
   14         7     21     1    1   428
   14         7     22     3    1   485
   14         7     23     3    1   398
   14         7     24     7    1   542
   14         7     25     6    1   423
   14         7     26     2    1   367
   14         7     27     7    1   562
   14         7     28     8    1   408
   14         7     29     3    1   521
   14         7     30     8    1   634
   14         7     31     3    1  1200
   14         7     32     8    1   357
   14         7     33     5    1   660
   14         7     34     6    1   474
   14         7     35     7    1   516
   14         7     36     4    1   362
   14         7     37     1    1   707
   14         7     38     5    1   547
   14         7     39     6    1   649
   14         7     40     8    1   387
   14         7     41     5    1   727
   14         7     42     3    1   572
   14         7     43     1    1   537
   14         7     44     2    1   475
   14         7     45     2    1   356
   14         7     46     1    1   336
   14         7     47     8    0   371
   14         7     48     7    1   490
   14         7     49     1    1   516
   14         7     50     5    1   398
   14         7     51     2    1   372
   14         7     52     4    1   408
   14         7     53     3    1   567
   14         7     54     8    1   475
   14         7     55     1    0   979
   14         7     56     7    1   608
   14         7     57     4    1   593
   14         7     58     6    1   423
   14         7     59     3    1   392
   14         7     60     7    1   521
   14         7     61     2    1   609
   14         7     62     8    1   444
   14         7     63     5    1   716
   14         7     64     5    1   516
