% SubNumber, Age, Gender 	    74    20     2
% Contents of columns:
% Sub  BlockNum  Trial  Trty  Cor    RT
   74         8      1     3    0  1299
   74         8      2     1    1   557
   74         8      3     2    1   655
   74         8      4     1    1   480
   74         8      5     6    1   531
   74         8      6     7    1   614
   74         8      7     6    1   650
   74         8      8     3    1   567
   74         8      9     1    1   604
   74         8     10     4    1   630
   74         8     11     8    1   897
   74         8     12     8    1   528
   74         8     13     2    1   537
   74         8     14     5    1   341
   74         8     15     2    1   480
   74         8     16     3    1   444
   74         8     17     3    1   372
   74         8     18     4    1   305
   74         8     19     6    1   388
   74         8     20     8    1   351
   74         8     21     4    1   604
   74         8     22     4    1   393
   74         8     23     1    0   325
   74         8     24     7    1   907
   74         8     25     5    1   825
   74         8     26     7    1   465
   74         8     27     6    1   537
   74         8     28     7    1   552
   74         8     29     8    1   511
   74         8     30     2    1   369
   74         8     31     5    1   342
   74         8     32     5    1   310
   74         9      1     8    1   768
   74         9      2     1    1   506
   74         9      3     3    1   316
   74         9      4     4    1   419
   74         9      5     3    1   346
   74         9      6     8    1   336
   74         9      7     6    1   317
   74         9      8     3    1   413
   74         9      9     4    1   336
   74         9     10     4    1   321
   74         9     11     7    1   352
   74         9     12     1    1   501
   74         9     13     6    1   362
   74         9     14     6    1   346
   74         9     15     8    1   429
   74         9     16     6    1   511
   74         9     17     7    1   481
   74         9     18     5    1   527
   74         9     19     6    1   373
   74         9     20     1    1   337
   74         9     21     2    1   902
   74         9     22     5    1   341
   74         9     23     8    1   527
   74         9     24     1    1   409
   74         9     25     4    0   337
   74         9     26     7    1   480
   74         9     27     5    1   393
   74         9     28     1    1   388
   74         9     29     8    1   408
   74         9     30     1    1   568
   74         9     31     2    1   332
   74         9     32     3    1   336
   74         9     33     8    1   341
   74         9     34     1    1   342
   74         9     35     2    1   306
   74         9     36     5    1   279
   74         9     37     8    0   297
   74         9     38     5    1   614
   74         9     39     7    1   490
   74         9     40     2    1   455
   74         9     41     3    0   311
   74         9     42     7    1   537
   74         9     43     2    1   501
   74         9     44     5    1   300
   74         9     45     7    1   521
   74         9     46     2    1   403
   74         9     47     1    1   388
   74         9     48     5    1   558
   74         9     49     4    1   522
   74         9     50     5    1   418
   74         9     51     4    1   552
   74         9     52     6    1   573
   74         9     53     8    1   403
   74         9     54     6    1   351
   74         9     55     2    1   331
   74         9     56     3    1   439
   74         9     57     2    1   481
   74         9     58     7    1   563
   74         9     59     6    1   341
   74         9     60     3    1   533
   74         9     61     3    1   408
   74         9     62     7    1   403
   74         9     63     4    1   512
   74         9     64     4    1   403
   74        10      1     2    0   424
   74        10      2     8    1   522
   74        10      3     2    1   393
   74        10      4     7    1   418
   74        10      5     1    1   362
   74        10      6     5    1   305
   74        10      7     6    1   342
   74        10      8     5    1   310
   74        10      9     1    1   331
   74        10     10     6    1   280
   74        10     11     4    1   506
   74        10     12     4    1   429
   74        10     13     3    1   403
   74        10     14     1    1   326
   74        10     15     2    1   351
   74        10     16     4    0   295
   74        10     17     7    1   500
   74        10     18     3    1   342
   74        10     19     1    1   392
   74        10     20     4    1   542
   74        10     21     8    1   403
   74        10     22     8    1   655
   74        10     23     4    1   404
   74        10     24     5    1   536
   74        10     25     7    1   496
   74        10     26     7    1   399
   74        10     27     3    1   392
   74        10     28     3    1   501
   74        10     29     1    1   562
   74        10     30     7    1   485
   74        10     31     6    1   547
   74        10     32     8    1   476
   74        10     33     6    0  1371
   74        10     34     6    0   877
   74        10     35     7    1   534
   74        10     36     5    1   367
   74        10     37     8    1   511
   74        10     38     5    1   449
   74        10     39     6    1   418
   74        10     40     5    1   393
   74        10     41     1    1   444
   74        10     42     6    1   398
   74        10     43     2    1   619
   74        10     44     7    1   516
   74        10     45     8    1   393
   74        10     46     1    1   490
   74        10     47     2    1   722
   74        10     48     4    1   552
   74        10     49     4    1   805
   74        10     50     2    1   496
   74        10     51     1    0   537
   74        10     52     3    1   511
   74        10     53     5    1   635
   74        10     54     4    1   588
   74        10     55     6    1   511
   74        10     56     7    1   521
   74        10     57     3    1   691
   74        10     58     2    0   460
   74        10     59     2    1   496
   74        10     60     5    1   476
   74        10     61     3    1   511
   74        10     62     8    1   526
   74        10     63     3    1   588
   74        10     64     8    1   516
   74        11      1     1    0   625
   74        11      2     8    1   676
   74        11      3     1    1   749
   74        11      4     2    1   537
   74        11      5     6    1   368
   74        11      6     6    1   373
   74        11      7     5    1   382
   74        11      8     3    1   568
   74        11      9     7    1   408
   74        11     10     8    1   593
   74        11     11     5    1   506
   74        11     12     1    1   403
   74        11     13     4    1   532
   74        11     14     6    1   593
   74        11     15     7    1   531
   74        11     16     4    1   460
   74        11     17     7    1   516
   74        11     18     8    1   531
   74        11     19     1    1   661
   74        11     20     2    1   686
   74        11     21     5    1   454
   74        11     22     3    1   552
   74        11     23     7    1   964
   74        11     24     4    1   486
   74        11     25     1    1   574
   74        11     26     8    1   465
   74        11     27     4    1   619
   74        11     28     5    1   637
   74        11     29     4    1   598
   74        11     30     6    1   537
   74        11     31     7    1   485
   74        11     32     4    1   403
   74        11     33     1    0   450
   74        11     34     6    1  1103
   74        11     35     7    1   450
   74        11     36     7    1   542
   74        11     37     6    1   342
   74        11     38     6    1   361
   74        11     39     3    1   465
   74        11     40     5    1   470
   74        11     41     2    1   701
   74        11     42     2    1   382
   74        11     43     8    1   455
   74        11     44     5    1   351
   74        11     45     2    1   440
   74        11     46     3    1   522
   74        11     47     4    1   439
   74        11     48     3    1   373
   74        11     49     1    1   516
   74        11     50     4    1   511
   74        11     51     5    1   393
   74        11     52     3    1   408
   74        11     53     7    1   444
   74        11     54     8    1   568
   74        11     55     2    1   640
   74        11     56     8    1   361
   74        11     57     5    1   367
   74        11     58     3    1   347
   74        11     59     1    1   418
   74        11     60     3    1   532
   74        11     61     2    1   655
   74        11     62     2    1   393
   74        11     63     6    1   398
   74        11     64     8    1   542
   74        12      1     2    1   655
   74        12      2     3    0   352
   74        12      3     8    1   533
   74        12      4     7    1   578
   74        12      5     1    1   625
   74        12      6     2    1   583
   74        12      7     1    1   604
   74        12      8     7    1   506
   74        12      9     5    1   336
   74        12     10     7    1   404
   74        12     11     7    1   445
   74        12     12     6    1   553
   74        12     13     3    0   353
   74        12     14     2    1   743
   74        12     15     8    1   445
   74        12     16     5    1   527
   74        12     17     6    1   599
   74        12     18     8    1   526
   74        12     19     4    1   461
   74        12     20     2    1   687
   74        12     21     1    1   763
   74        12     22     8    1   533
   74        12     23     7    1   681
   74        12     24     5    1   527
   74        12     25     7    1   516
   74        12     26     3    1   516
   74        12     27     4    0   625
   74        12     28     5    1   718
   74        12     29     8    1   418
   74        12     30     8    1   579
   74        12     31     7    1   686
   74        12     32     8    1   567
   74        12     33     1    1   506
   74        12     34     3    1   403
   74        12     35     3    1   439
   74        12     36     5    1   351
   74        12     37     7    1   434
   74        12     38     8    1   558
   74        12     39     1    1   553
   74        12     40     4    1   491
   74        12     41     3    1   501
   74        12     42     3    1   388
   74        12     43     5    1   439
   74        12     44     6    1   470
   74        12     45     6    1   357
   74        12     46     2    1   460
   74        12     47     4    0   419
   74        12     48     4    1   486
   74        12     49     6    1   320
   74        12     50     4    1   414
   74        12     51     5    1   342
   74        12     52     6    1   341
   74        12     53     1    1   336
   74        12     54     1    1   351
   74        12     55     3    1   954
   74        12     56     5    1   424
   74        12     57     4    1   449
   74        12     58     6    1   393
   74        12     59     2    1   382
   74        12     60     1    1   481
   74        12     61     6    1   325
   74        12     62     2    1   316
   74        12     63     4    1   486
   74        12     64     2    1   459
   74        13      1     7    1   650
   74        13      2     6    1   392
   74        13      3     6    1   440
   74        13      4     2    1   337
   74        13      5     3    1   372
   74        13      6     3    1   408
   74        13      7     4    1   536
   74        13      8     5    1   455
   74        13      9     6    1   418
   74        13     10     4    1   475
   74        13     11     2    1   465
   74        13     12     1    1   506
   74        13     13     3    1   496
   74        13     14     6    1   511
   74        13     15     7    0   424
   74        13     16     8    1   625
   74        13     17     5    1   429
   74        13     18     7    1   517
   74        13     19     7    1   763
   74        13     20     4    1   480
   74        13     21     8    1   542
   74        13     22     4    1   419
   74        13     23     7    1   465
   74        13     24     1    1   516
   74        13     25     3    1   542
   74        13     26     2    1   506
   74        13     27     4    1   526
   74        13     28     1    1   583
   74        13     29     2    1   480
   74        13     30     2    1   475
   74        13     31     5    1   511
   74        13     32     5    1   352
   74        13     33     8    1   526
   74        13     34     1    1   563
   74        13     35     5    1   413
   74        13     36     8    1   506
   74        13     37     4    1   470
   74        13     38     3    1   552
   74        13     39     3    1   439
   74        13     40     6    1   768
   74        13     41     2    1   419
   74        13     42     8    1   526
   74        13     43     7    1   424
   74        13     44     4    1   398
   74        13     45     1    1   526
   74        13     46     6    1   557
   74        13     47     6    1   464
   74        13     48     7    1   460
   74        13     49     2    1   491
   74        13     50     5    1   521
   74        13     51     1    1   774
   74        13     52     8    1   475
   74        13     53     6    1   378
   74        13     54     8    1   439
   74        13     55     5    1   568
   74        13     56     2    1   511
   74        13     57     5    1   521
   74        13     58     3    1   552
   74        13     59     8    1   444
   74        13     60     3    1   357
   74        13     61     1    1   429
   74        13     62     7    1   475
   74        13     63     1    1   439
   74        13     64     4    1   486
   74        14      1     7    1   604
   74        14      2     7    1   455
   74        14      3     1    1   434
   74        14      4     1    1   336
   74        14      5     5    1   485
   74        14      6     4    1   573
   74        14      7     4    1   543
   74        14      8     7    1   743
   74        14      9     5    1   460
   74        14     10     8    1   563
   74        14     11     2    1   584
   74        14     12     1    1   604
   74        14     13     6    1   485
   74        14     14     7    1   526
   74        14     15     5    1   557
   74        14     16     8    1   563
   74        14     17     3    1   573
   74        14     18     3    1  1474
   74        14     19     4    1   583
   74        14     20     6    1   444
   74        14     21     5    1   470
   74        14     22     5    1   413
   74        14     23     5    1   377
   74        14     24     3    1   460
   74        14     25     1    1   475
   74        14     26     1    1   404
   74        14     27     6    1   377
   74        14     28     3    1   532
   74        14     29     4    1   392
   74        14     30     7    1   388
   74        14     31     6    1   413
   74        14     32     7    1   490
   74        14     33     2    0   439
   74        14     34     3    1   563
   74        14     35     4    1   789
   74        14     36     7    1   465
   74        14     37     3    1   409
   74        14     38     4    1   620
   74        14     39     2    1   542
   74        14     40     6    1   454
   74        14     41     8    1   455
   74        14     42     6    1   614
   74        14     43     3    1   511
   74        14     44     6    1   439
   74        14     45     7    1   578
   74        14     46     5    1   686
   74        14     47     8    1   454
   74        14     48     8    1   598
   74        14     49     2    1   630
   74        14     50     1    1   666
   74        14     51     3    1   450
   74        14     52     4    1   639
   74        14     53     1    1   521
   74        14     54     2    1   449
   74        14     55     1    1   547
   74        14     56     6    1   496
   74        14     57     2    1   516
   74        14     58     8    1   588
   74        14     59     4    1   526
   74        14     60     8    1   459
   74        14     61     2    1   517
   74        14     62     8    1   604
   74        14     63     2    1   454
   74        14     64     5    1   444
   74         1      1     1    1   398
   74         1      2     4    0   343
   74         1      3     5    1   831
   74         1      4     7    1   625
   74         1      5     5    1   532
   74         1      6     3    1   598
   74         1      7     3    1   480
   74         1      8     1    1   351
   74         1      9     6    1   471
   74         1     10     4    1   547
   74         1     11     2    1   717
   74         1     12     3    1   521
   74         1     13     6    1   398
   74         1     14     1    1   764
   74         1     15     7    1   583
   74         1     16     5    1   475
   74         1     17     6    1   568
   74         1     18     8    1   583
   74         1     19     1    1   640
   74         1     20     2    1   460
   74         1     21     8    1   640
   74         1     22     7    1   500
   74         1     23     4    1   738
   74         1     24     8    1   594
   74         1     25     5    1   537
   74         1     26     2    1   665
   74         1     27     2    1   521
   74         1     28     3    1   439
   74         1     29     4    1   470
   74         1     30     7    1   398
   74         1     31     6    0   460
   74         1     32     8    1   588
   74         2      1     6    1   465
   74         2      2     1    1   490
   74         2      3     7    1   604
   74         2      4     7    1   491
   74         2      5     2    1   490
   74         2      6     8    1   449
   74         2      7     8    1   377
   74         2      8     8    1   373
   74         2      9     5    1   496
   74         2     10     3    1   531
   74         2     11     5    1   496
   74         2     12     4    1   480
   74         2     13     4    1   511
   74         2     14     7    1   501
   74         2     15     3    1   532
   74         2     16     3    1   476
   74         2     17     8    1   424
   74         2     18     3    1   629
   74         2     19     1    1   563
   74         2     20     8    1   455
   74         2     21     7    1   444
   74         2     22     5    1   459
   74         2     23     8    1   418
   74         2     24     5    1   496
   74         2     25     3    1   573
   74         2     26     7    1   491
   74         2     27     4    1   496
   74         2     28     7    1   506
   74         2     29     1    0   480
   74         2     30     2    1   656
   74         2     31     5    1   567
   74         2     32     6    1   563
   74         2     33     6    1   408
   74         2     34     2    1   393
   74         2     35     3    1   588
   74         2     36     6    1   490
   74         2     37     5    1   480
   74         2     38     4    1   465
   74         2     39     7    1   418
   74         2     40     4    1   475
   74         2     41     4    1   393
   74         2     42     6    1   501
   74         2     43     1    1   506
   74         2     44     1    1   660
   74         2     45     3    1   434
   74         2     46     8    1   429
   74         2     47     8    1   413
   74         2     48     4    1   434
   74         2     49     2    1   459
   74         2     50     2    1   537
   74         2     51     6    1   408
   74         2     52     1    1   459
   74         2     53     3    1   285
   74         2     54     2    1   537
   74         2     55     5    1   465
   74         2     56     1    1   424
   74         2     57     2    1   392
   74         2     58     1    1   398
   74         2     59     2    1   373
   74         2     60     5    1   357
   74         2     61     4    0   310
   74         2     62     6    1   552
   74         2     63     6    1   419
   74         2     64     7    0   419
   74         3      1     3    1   583
   74         3      2     1    1   495
   74         3      3     7    1   583
   74         3      4     2    1   650
   74         3      5     6    1   413
   74         3      6     7    1   470
   74         3      7     5    1   414
   74         3      8     7    1   496
   74         3      9     8    1   593
   74         3     10     5    1   562
   74         3     11     2    1   413
   74         3     12     5    1   464
   74         3     13     8    1   522
   74         3     14     2    1   454
   74         3     15     6    1   434
   74         3     16     4    1   665
   74         3     17     6    1   537
   74         3     18     1    1   511
   74         3     19     3    1   589
   74         3     20     6    1   496
   74         3     21     7    1   527
   74         3     22     7    1   424
   74         3     23     4    1   465
   74         3     24     8    1   392
   74         3     25     4    1   908
   74         3     26     5    1   490
   74         3     27     5    1   465
   74         3     28     8    1   408
   74         3     29     7    1   722
   74         3     30     4    1   491
   74         3     31     8    1   665
   74         3     32     6    1   433
   74         3     33     8    1   429
   74         3     34     2    1   557
   74         3     35     7    1   454
   74         3     36     6    1   553
   74         3     37     4    1   486
   74         3     38     2    1   408
   74         3     39     4    1   480
   74         3     40     6    0   449
   74         3     41     5    1   491
   74         3     42     1    1   393
   74         3     43     3    1   578
   74         3     44     3    1   537
   74         3     45     1    1   516
   74         3     46     3    1   537
   74         3     47     3    1   567
   74         3     48     3    1   444
   74         3     49     8    1   413
   74         3     50     8    1   609
   74         3     51     2    1   691
   74         3     52     1    1   553
   74         3     53     6    1   367
   74         3     54     1    1   491
   74         3     55     5    1   372
   74         3     56     1    1   526
   74         3     57     4    1   485
   74         3     58     2    1   444
   74         3     59     2    1   382
   74         3     60     4    0   341
   74         3     61     5    1   501
   74         3     62     3    1   603
   74         3     63     1    1   511
   74         3     64     7    1   485
   74         4      1     6    1   573
   74         4      2     6    1   413
   74         4      3     1    1   367
   74         4      4     5    1   465
   74         4      5     3    1   593
   74         4      6     7    1   428
   74         4      7     4    1   393
   74         4      8     2    1   480
   74         4      9     2    1   409
   74         4     10     7    1   995
   74         4     11     3    1   326
   74         4     12     2    1   480
   74         4     13     7    1   542
   74         4     14     4    1  1216
   74         4     15     8    1   444
   74         4     16     6    1   408
   74         4     17     3    1   495
   74         4     18     8    1   383
   74         4     19     8    1   459
   74         4     20     3    1   460
   74         4     21     4    1   517
   74         4     22     7    1   419
   74         4     23     5    1   429
   74         4     24     3    1   455
   74         4     25     5    1   341
   74         4     26     1    1   444
   74         4     27     7    1   470
   74         4     28     7    1   542
   74         4     29     8    1   506
   74         4     30     8    1   506
   74         4     31     6    1   593
   74         4     32     8    1   449
   74         4     33     6    1   532
   74         4     34     5    1   449
   74         4     35     2    1   362
   74         4     36     1    1   439
   74         4     37     4    1   583
   74         4     38     3    1   496
   74         4     39     2    1   459
   74         4     40     8    1   578
   74         4     41     3    1   588
   74         4     42     6    1   522
   74         4     43     7    1   552
   74         4     44     5    1   403
   74         4     45     3    1   501
   74         4     46     4    1   491
   74         4     47     5    1   387
   74         4     48     1    1   594
   74         4     49     1    1   506
   74         4     50     6    1   763
   74         4     51     1    1   516
   74         4     52     2    1   434
   74         4     53     1    1   388
   74         4     54     6    1   387
   74         4     55     4    1   460
   74         4     56     4    0   403
   74         4     57     8    1   491
   74         4     58     5    1   496
   74         4     59     4    1   485
   74         4     60     7    1   531
   74         4     61     5    0   460
   74         4     62     2    1   527
   74         4     63     2    1   465
   74         4     64     1    1   593
   74         5      1     4    1   557
   74         5      2     5    0   459
   74         5      3     2    1   501
   74         5      4     5    1   434
   74         5      5     4    1   470
   74         5      6     1    1   445
   74         5      7     2    1   501
   74         5      8     6    1   434
   74         5      9     4    1   506
   74         5     10     3    1   490
   74         5     11     7    0   419
   74         5     12     2    1   619
   74         5     13     2    1   501
   74         5     14     3    1   574
   74         5     15     1    1   419
   74         5     16     3    1   445
   74         5     17     2    1   517
   74         5     18     8    1   579
   74         5     19     7    1   500
   74         5     20     3    1   439
   74         5     21     7    1   645
   74         5     22     1    1   449
   74         5     23     5    1   346
   74         5     24     1    1   398
   74         5     25     7    1   455
   74         5     26     3    1   552
   74         5     27     5    1   567
   74         5     28     6    1   434
   74         5     29     6    1   501
   74         5     30     2    1   315
   74         5     31     1    1   465
   74         5     32     2    1   471
   74         5     33     8    0   429
   74         5     34     5    1   562
   74         5     35     2    1   413
   74         5     36     1    1   392
   74         5     37     8    1   491
   74         5     38     8    1   481
   74         5     39     8    1   393
   74         5     40     6    1   454
   74         5     41     8    1   589
   74         5     42     4    1   696
   74         5     43     5    1   506
   74         5     44     8    0   357
   74         5     45     4    1   630
   74         5     46     4    1   440
   74         5     47     6    1   506
   74         5     48     7    1   542
   74         5     49     8    1   538
   74         5     50     5    1   547
   74         5     51     3    1   501
   74         5     52     6    1   563
   74         5     53     5    1   424
   74         5     54     1    1   356
   74         5     55     4    1   542
   74         5     56     7    1   388
   74         5     57     3    1   480
   74         5     58     4    1   434
   74         5     59     6    1   506
   74         5     60     3    1   382
   74         5     61     1    1   532
   74         5     62     7    0   377
   74         5     63     6    1   902
   74         5     64     7    1   434
   74         6      1     1    1   727
   74         6      2     6    1   640
   74         6      3     6    0   409
   74         6      4     2    1   461
   74         6      5     1    1   434
   74         6      6     5    1   702
   74         6      7     5    1   702
   74         6      8     6    1   656
   74         6      9     1    1   413
   74         6     10     5    1   583
   74         6     11     2    1   418
   74         6     12     2    1   563
   74         6     13     6    1   321
   74         6     14     1    1   357
   74         6     15     8    1   403
   74         6     16     8    1   490
   74         6     17     7    1   346
   74         6     18     8    1   408
   74         6     19     3    1   460
   74         6     20     1    1   539
   74         6     21     3    1   594
   74         6     22     3    1   429
   74         6     23     5    1   543
   74         6     24     4    1   897
   74         6     25     7    1   434
   74         6     26     6    1   537
   74         6     27     5    1   450
   74         6     28     3    1   506
   74         6     29     7    1   455
   74         6     30     1    1   697
   74         6     31     7    1   470
   74         6     32     8    1   434
   74         6     33     6    1   449
   74         6     34     4    1   563
   74         6     35     1    1   511
   74         6     36     3    1   640
   74         6     37     5    1   413
   74         6     38     8    1   388
   74         6     39     2    0   526
   74         6     40     7    1   532
   74         6     41     8    1   609
   74         6     42     5    1   460
   74         6     43     7    1   810
   74         6     44     4    1   943
   74         6     45     3    1   429
   74         6     46     7    1   423
   74         6     47     5    1   424
   74         6     48     6    0   423
   74         6     49     4    1   517
   74         6     50     3    1   418
   74         6     51     4    1   429
   74         6     52     2    1   341
   74         6     53     8    1   418
   74         6     54     8    1   367
   74         6     55     2    1   553
   74         6     56     1    1   429
   74         6     57     4    1   480
   74         6     58     7    1   506
   74         6     59     2    1   893
   74         6     60     3    1   475
   74         6     61     2    1   516
   74         6     62     4    1  1059
   74         6     63     6    1   506
   74         6     64     4    1   460
   74         7      1     1    1   578
   74         7      2     8    1   943
   74         7      3     8    1   444
   74         7      4     8    1   511
   74         7      5     8    1   454
   74         7      6     7    1   460
   74         7      7     2    1   454
   74         7      8     5    1   552
   74         7      9     8    1   434
   74         7     10     2    1   429
   74         7     11     6    1   383
   74         7     12     1    1   552
   74         7     13     7    1   423
   74         7     14     6    1   450
   74         7     15     4    1   624
   74         7     16     1    1   501
   74         7     17     7    1   583
   74         7     18     2    1   719
   74         7     19     3    1   501
   74         7     20     1    1   512
   74         7     21     2    1   526
   74         7     22     5    1   383
   74         7     23     5    1   351
   74         7     24     8    0   424
   74         7     25     3    1   650
   74         7     26     1    1   459
   74         7     27     4    1   506
   74         7     28     4    1   537
   74         7     29     6    1   567
   74         7     30     3    1   449
   74         7     31     6    1   460
   74         7     32     1    1   475
   74         7     33     8    1   475
   74         7     34     3    1   553
   74         7     35     1    1   424
   74         7     36     7    1   418
   74         7     37     3    1   517
   74         7     38     2    1   440
   74         7     39     2    1   568
   74         7     40     5    0   444
   74         7     41     6    1   666
   74         7     42     4    1   480
   74         7     43     1    1   496
   74         7     44     5    0   434
   74         7     45     6    1   809
   74         7     46     3    1   558
   74         7     47     8    1   506
   74         7     48     3    1   552
   74         7     49     2    0   455
   74         7     50     4    1   542
   74         7     51     4    0   552
   74         7     52     5    1   629
   74         7     53     7    1   563
   74         7     54     5    1   548
   74         7     55     6    1   506
   74         7     56     5    1   511
   74         7     57     7    1  1170
   74         7     58     4    1   475
   74         7     59     7    1   486
   74         7     60     4    1   450
   74         7     61     7    1   516
   74         7     62     6    1   516
   74         7     63     2    1   434
   74         7     64     3    1   464
