% SubNumber, Age, Gender 	     3    19     2
% Contents of columns:
% Sub  BlockNum  Trial  Trty  Cor    RT
    3         1      1     6    0  1997
    3         1      2     6    1   455
    3         1      3     3    0  1195
    3         1      4     1    1   706
    3         1      5     8    1   696
    3         1      6     1    1   270
    3         1      7     7    0   325
    3         1      8     2    1   758
    3         1      9     7    1   481
    3         1     10     8    1   459
    3         1     11     5    1   341
    3         1     12     2    1   289
    3         1     13     8    0   310
    3         1     14     6    1  1062
    3         1     15     8    1   521
    3         1     16     3    1   454
    3         1     17     5    1   429
    3         1     18     4    1   505
    3         1     19     3    1   357
    3         1     20     3    1   459
    3         1     21     7    1   315
    3         1     22     4    1   244
    3         1     23     2    1   356
    3         1     24     1    1   320
    3         1     25     4    0   295
    3         1     26     1    1   711
    3         1     27     5    1   418
    3         1     28     7    1   727
    3         1     29     2    1   675
    3         1     30     4    1   331
    3         1     31     5    1   372
    3         1     32     6    1   382
    3         2      1     6    1   660
    3         2      2     6    1   336
    3         2      3     5    1   341
    3         2      4     6    1   275
    3         2      5     2    1   346
    3         2      6     7    1   511
    3         2      7     2    1   244
    3         2      8     2    1   284
    3         2      9     3    1   429
    3         2     10     8    1   450
    3         2     11     8    1   623
    3         2     12     6    1   408
    3         2     13     8    1   459
    3         2     14     2    0   727
    3         2     15     1    1   603
    3         2     16     4    1   876
    3         2     17     7    1   654
    3         2     18     7    1   769
    3         2     19     8    1   578
    3         2     20     3    1   598
    3         2     21     4    1   459
    3         2     22     5    1   506
    3         2     23     6    1   938
    3         2     24     4    1   501
    3         2     25     3    1   603
    3         2     26     7    1   439
    3         2     27     2    1   459
    3         2     28     4    1   552
    3         2     29     5    1   444
    3         2     30     5    1   383
    3         2     31     1    1   320
    3         2     32     5    1   696
    3         2     33     6    1   439
    3         2     34     2    1   347
    3         2     35     8    0   300
    3         2     36     2    1   589
    3         2     37     6    1   346
    3         2     38     1    1   341
    3         2     39     4    1   860
    3         2     40     1    1  1107
    3         2     41     1    1   465
    3         2     42     5    1   660
    3         2     43     3    1   578
    3         2     44     5    1   717
    3         2     45     3    1   501
    3         2     46     5    1   387
    3         2     47     7    1   408
    3         2     48     2    1   753
    3         2     49     7    1   593
    3         2     50     8    1   491
    3         2     51     6    1   737
    3         2     52     1    1   495
    3         2     53     4    1   459
    3         2     54     3    1   397
    3         2     55     4    1   377
    3         2     56     1    1   552
    3         2     57     8    1   680
    3         2     58     7    0   603
    3         2     59     1    1   619
    3         2     60     3    1   829
    3         2     61     3    0  1159
    3         2     62     8    1   840
    3         2     63     4    1   392
    3         2     64     7    1   449
    3         3      1     1    1   635
    3         3      2     2    1  1314
    3         3      3     1    1   428
    3         3      4     1    1   387
    3         3      5     7    1   685
    3         3      6     2    1   423
    3         3      7     8    1   479
    3         3      8     4    1   639
    3         3      9     3    1   258
    3         3     10     4    1   263
    3         3     11     8    1   336
    3         3     12     3    1   336
    3         3     13     1    1   239
    3         3     14     5    1   135
    3         3     15     3    0   171
    3         3     16     8    1   614
    3         3     17     5    1   362
    3         3     18     8    1   526
    3         3     19     2    0   805
    3         3     20     4    1  1354
    3         3     21     7    1   588
    3         3     22     4    1   789
    3         3     23     4    1   475
    3         3     24     2    1   778
    3         3     25     8    1   568
    3         3     26     8    1   449
    3         3     27     4    1   634
    3         3     28     3    1   511
    3         3     29     4    1   475
    3         3     30     6    0   500
    3         3     31     6    1   429
    3         3     32     5    1   372
    3         3     33     7    1   423
    3         3     34     7    1   433
    3         3     35     5    1   634
    3         3     36     2    1   902
    3         3     37     5    1   793
    3         3     38     5    1   449
    3         3     39     2    1   583
    3         3     40     6    1  1025
    3         3     41     6    1   588
    3         3     42     8    1   450
    3         3     43     3    0   408
    3         3     44     3    1   603
    3         3     45     1    1   469
    3         3     46     7    1   629
    3         3     47     8    1   480
    3         3     48     7    1   531
    3         3     49     1    1   423
    3         3     50     5    1   423
    3         3     51     6    1   465
    3         3     52     6    1   568
    3         3     53     7    1   510
    3         3     54     2    1   475
    3         3     55     7    1   613
    3         3     56     6    1   680
    3         3     57     5    1   415
    3         3     58     4    1   506
    3         3     59     1    1   367
    3         3     60     3    1   428
    3         3     61     1    1   460
    3         3     62     2    1   469
    3         3     63     3    1   516
    3         3     64     6    1   475
    3         4      1     5    1   536
    3         4      2     8    1   531
    3         4      3     1    1   722
    3         4      4     7    1   464
    3         4      5     2    1   408
    3         4      6     4    1   475
    3         4      7     1    1   552
    3         4      8     6    1   408
    3         4      9     3    1   521
    3         4     10     2    1   434
    3         4     11     4    0   382
    3         4     12     3    1   690
    3         4     13     3    1   372
    3         4     14     7    1   608
    3         4     15     1    0   449
    3         4     16     7    1  1020
    3         4     17     8    1   500
    3         4     18     2    1   300
    3         4     19     3    1   619
    3         4     20     2    1   629
    3         4     21     5    0   541
    3         4     22     5    0  1998
    3         4     23     7    1   871
    3         4     24     4    1   624
    3         4     25     1    1   665
    3         4     26     3    0   691
    3         4     27     6    1   624
    3         4     28     7    1   454
    3         4     29     4    1   470
    3         4     30     5    1   670
    3         4     31     5    1   444
    3         4     32     3    1   536
    3         4     33     1    1   505
    3         4     34     3    1   604
    3         4     35     5    1   557
    3         4     36     8    1   459
    3         4     37     3    1   696
    3         4     38     7    1   402
    3         4     39     1    1   619
    3         4     40     2    1   527
    3         4     41     1    1   372
    3         4     42     6    1   289
    3         4     43     8    1   413
    3         4     44     5    1   495
    3         4     45     1    1   295
    3         4     46     2    1   366
    3         4     47     6    1   356
    3         4     48     2    1   331
    3         4     49     6    1   316
    3         4     50     4    0   253
    3         4     51     7    1   598
    3         4     52     6    1   470
    3         4     53     7    0   526
    3         4     54     5    0  1493
    3         4     55     6    1   572
    3         4     56     8    1   562
    3         4     57     4    1   696
    3         4     58     6    1   732
    3         4     59     8    1   598
    3         4     60     4    1   526
    3         4     61     2    1   559
    3         4     62     8    1   639
    3         4     63     4    1  1036
    3         4     64     8    1   542
    3         5      1     3    1   593
    3         5      2     1    1   491
    3         5      3     5    1   428
    3         5      4     1    1   315
    3         5      5     3    1   403
    3         5      6     1    1   470
    3         5      7     7    1   428
    3         5      8     6    1   511
    3         5      9     5    1   470
    3         5     10     2    1   253
    3         5     11     4    1   639
    3         5     12     6    1   438
    3         5     13     7    1   486
    3         5     14     8    1   526
    3         5     15     2    1   398
    3         5     16     7    1   464
    3         5     17     8    1   505
    3         5     18     8    1   439
    3         5     19     3    1   424
    3         5     20     8    1   392
    3         5     21     7    1   604
    3         5     22     1    1   392
    3         5     23     8    1   516
    3         5     24     5    1   563
    3         5     25     7    1   476
    3         5     26     3    1   495
    3         5     27     7    1   419
    3         5     28     2    1   397
    3         5     29     5    0   444
    3         5     30     5    1   907
    3         5     31     3    1   476
    3         5     32     4    1   428
    3         5     33     1    1   470
    3         5     34     4    1   588
    3         5     35     2    1   624
    3         5     36     6    1  1025
    3         5     37     5    1   455
    3         5     38     7    1   438
    3         5     39     1    1   552
    3         5     40     1    1   376
    3         5     41     8    1   408
    3         5     42     4    1   804
    3         5     43     3    1   577
    3         5     44     6    1   737
    3         5     45     4    1   701
    3         5     46     3    1   459
    3         5     47     8    1   527
    3         5     48     2    0   568
    3         5     49     2    1   655
    3         5     50     1    1   398
    3         5     51     4    1   387
    3         5     52     6    1   557
    3         5     53     6    1   608
    3         5     54     2    1   516
    3         5     55     3    1   578
    3         5     56     6    1   886
    3         5     57     4    1   527
    3         5     58     8    1   443
    3         5     59     6    1   804
    3         5     60     5    1   449
    3         5     61     5    1   418
    3         5     62     7    1   464
    3         5     63     2    0   722
    3         5     64     4    1   593
    3         6      1     2    1   511
    3         6      2     7    1   577
    3         6      3     1    1   331
    3         6      4     7    1   434
    3         6      5     4    1   505
    3         6      6     6    1   346
    3         6      7     3    1   408
    3         6      8     8    1   418
    3         6      9     6    1   362
    3         6     10     1    1   320
    3         6     11     6    1   331
    3         6     12     2    1   434
    3         6     13     5    1   541
    3         6     14     4    1   459
    3         6     15     7    1   419
    3         6     16     5    1   675
    3         6     17     8    1   603
    3         6     18     2    1   661
    3         6     19     2    1   367
    3         6     20     4    1   434
    3         6     21     8    1   475
    3         6     22     7    1   542
    3         6     23     3    1   546
    3         6     24     6    0   480
    3         6     25     3    1  1287
    3         6     26     2    1   696
    3         6     27     7    1   788
    3         6     28     2    1   727
    3         6     29     7    1   485
    3         6     30     4    1   366
    3         6     31     5    1   456
    3         6     32     5    1   347
    3         6     33     3    1   490
    3         6     34     8    1   408
    3         6     35     1    1   361
    3         6     36     4    0   423
    3         6     37     5    1  1392
    3         6     38     8    1   459
    3         6     39     1    1  1308
    3         6     40     4    1   506
    3         6     41     5    1   716
    3         6     42     7    1   552
    3         6     43     8    1   510
    3         6     44     4    1   547
    3         6     45     1    1   707
    3         6     46     2    1   681
    3         6     47     8    1   552
    3         6     48     6    1   521
    3         6     49     1    1   588
    3         6     50     8    1   531
    3         6     51     3    1   484
    3         6     52     6    1   609
    3         6     53     6    1   389
    3         6     54     3    1   541
    3         6     55     5    1   387
    3         6     56     1    1   464
    3         6     57     3    1   649
    3         6     58     2    1   315
    3         6     59     5    0   640
    3         6     60     1    0   969
    3         6     61     7    1   517
    3         6     62     3    1   547
    3         6     63     6    0   521
    3         6     64     4    1   583
    3         7      1     5    1   717
    3         7      2     2    1   361
    3         7      3     2    1   351
    3         7      4     4    1   433
    3         7      5     8    1   495
    3         7      6     5    1   675
    3         7      7     7    1   526
    3         7      8     5    1   696
    3         7      9     6    1   439
    3         7     10     6    1   403
    3         7     11     2    1   315
    3         7     12     1    1   428
    3         7     13     4    1   444
    3         7     14     8    1   495
    3         7     15     3    1   516
    3         7     16     4    1   646
    3         7     17     1    1   372
    3         7     18     5    1   407
    3         7     19     1    1   331
    3         7     20     4    1   495
    3         7     21     2    1   567
    3         7     22     4    1   526
    3         7     23     6    1   547
    3         7     24     3    1   541
    3         7     25     5    1   397
    3         7     26     1    1   341
    3         7     27     8    1   562
    3         7     28     6    1   423
    3         7     29     6    1   486
    3         7     30     7    1   475
    3         7     31     1    1   465
    3         7     32     6    1   490
    3         7     33     3    1   722
    3         7     34     3    1   526
    3         7     35     8    1   590
    3         7     36     6    1   691
    3         7     37     3    1   480
    3         7     38     7    1   358
    3         7     39     5    0   548
    3         7     40     5    1   706
    3         7     41     8    1   609
    3         7     42     6    1   634
    3         7     43     5    1   413
    3         7     44     2    1   495
    3         7     45     1    1   429
    3         7     46     1    1   655
    3         7     47     7    1   599
    3         7     48     8    1   500
    3         7     49     7    1   465
    3         7     50     2    1   305
    3         7     51     1    1   305
    3         7     52     7    1   927
    3         7     53     7    1   454
    3         7     54     4    1   542
    3         7     55     4    1   516
    3         7     56     3    1   449
    3         7     57     3    1   505
    3         7     58     4    1   455
    3         7     59     2    1   640
    3         7     60     3    1   619
    3         7     61     2    1   506
    3         7     62     7    1   660
    3         7     63     8    1   413
    3         7     64     8    1   407
    3         8      1     4    1  1143
    3         8      2     4    1   542
    3         8      3     8    1   562
    3         8      4     1    1   623
    3         8      5     8    1   603
    3         8      6     3    1   460
    3         8      7     6    1   480
    3         8      8     3    1   645
    3         8      9     5    1   717
    3         8     10     4    1   541
    3         8     11     7    1   394
    3         8     12     6    0   588
    3         8     13     4    1   763
    3         8     14     2    1   557
    3         8     15     5    1   747
    3         8     16     1    1   331
    3         8     17     5    1   460
    3         8     18     1    1   269
    3         8     19     2    1   429
    3         8     20     2    1   984
    3         8     21     7    1   650
    3         8     22     8    1   454
    3         8     23     3    1   568
    3         8     24     7    0   479
    3         8     25     6    1  1031
    3         8     26     1    1   548
    3         8     27     7    1   480
    3         8     28     5    1   511
    3         8     29     8    1   896
    3         8     30     6    1   408
    3         8     31     2    1   680
    3         8     32     3    1   583
    3         9      1     1    1   865
    3         9      2     5    1   588
    3         9      3     5    1   743
    3         9      4     3    1   536
    3         9      5     7    1   433
    3         9      6     8    1   614
    3         9      7     6    1   593
    3         9      8     3    1   645
    3         9      9     2    1   671
    3         9     10     5    1   665
    3         9     11     8    1   505
    3         9     12     6    1   686
    3         9     13     4    1   526
    3         9     14     7    1   516
    3         9     15     7    1   825
    3         9     16     4    1   547
    3         9     17     7    1   511
    3         9     18     8    1   768
    3         9     19     2    1   553
    3         9     20     2    1   454
    3         9     21     8    1   459
    3         9     22     8    1   434
    3         9     23     3    1   434
    3         9     24     6    1   418
    3         9     25     1    1   567
    3         9     26     3    1   706
    3         9     27     3    1   480
    3         9     28     3    1   438
    3         9     29     7    1   449
    3         9     30     5    1   676
    3         9     31     2    1   552
    3         9     32     5    1   516
    3         9     33     4    1   821
    3         9     34     1    1   557
    3         9     35     5    1   804
    3         9     36     1    1   747
    3         9     37     4    1   547
    3         9     38     3    1   520
    3         9     39     6    1   557
    3         9     40     2    1   701
    3         9     41     6    1   681
    3         9     42     5    1   531
    3         9     43     4    1   670
    3         9     44     2    1   438
    3         9     45     5    1   547
    3         9     46     3    1   526
    3         9     47     1    1   460
    3         9     48     4    1   526
    3         9     49     1    1   428
    3         9     50     1    1   517
    3         9     51     8    1   745
    3         9     52     6    1   933
    3         9     53     7    1   531
    3         9     54     1    1   619
    3         9     55     2    1   428
    3         9     56     6    1   373
    3         9     57     4    0   372
    3         9     58     6    1   598
    3         9     59     4    1   511
    3         9     60     2    1   505
    3         9     61     8    1   608
    3         9     62     8    1   403
    3         9     63     7    1   892
    3         9     64     7    1   459
    3        10      1     3    1   583
    3        10      2     5    1   480
    3        10      3     1    1   439
    3        10      4     5    1   388
    3        10      5     6    1   547
    3        10      6     8    1   588
    3        10      7     8    1   438
    3        10      8     1    1   486
    3        10      9     4    1   413
    3        10     10     7    1   459
    3        10     11     8    0   474
    3        10     12     2    1   783
    3        10     13     6    1   398
    3        10     14     4    1   598
    3        10     15     2    1   824
    3        10     16     1    1   901
    3        10     17     8    0   362
    3        10     18     7    1  1089
    3        10     19     4    1   480
    3        10     20     1    1   697
    3        10     21     7    1   665
    3        10     22     4    1   485
    3        10     23     1    1   712
    3        10     24     5    1   557
    3        10     25     7    1   938
    3        10     26     2    1   634
    3        10     27     3    1   691
    3        10     28     3    1   438
    3        10     29     3    1   491
    3        10     30     8    1   434
    3        10     31     4    0  1287
    3        10     32     2    1   536
    3        10     33     8    1   377
    3        10     34     5    1   402
    3        10     35     6    1   387
    3        10     36     7    1   403
    3        10     37     7    1   444
    3        10     38     8    1   403
    3        10     39     2    1   377
    3        10     40     2    1   331
    3        10     41     3    1   464
    3        10     42     5    1   505
    3        10     43     6    1   711
    3        10     44     6    1   382
    3        10     45     1    1   444
    3        10     46     5    1   531
    3        10     47     1    1   531
    3        10     48     3    1   686
    3        10     49     6    0   598
    3        10     50     3    1   691
    3        10     51     3    1   465
    3        10     52     1    1   449
    3        10     53     4    1   490
    3        10     54     4    1   449
    3        10     55     7    1   465
    3        10     56     8    1   480
    3        10     57     6    0   510
    3        10     58     2    1   696
    3        10     59     4    1   558
    3        10     60     5    1   794
    3        10     61     2    1   572
    3        10     62     6    1   387
    3        10     63     7    1   500
    3        10     64     5    1   491
    3        11      1     2    1   640
    3        11      2     6    1   449
    3        11      3     5    1   521
    3        11      4     6    1   377
    3        11      5     3    1   629
    3        11      6     1    1   490
    3        11      7     2    1   640
    3        11      8     4    1   521
    3        11      9     3    1   733
    3        11     10     1    1   393
    3        11     11     4    1   464
    3        11     12     4    1   609
    3        11     13     7    1   449
    3        11     14     3    1   506
    3        11     15     8    1  1298
    3        11     16     8    1   495
    3        11     17     6    1   336
    3        11     18     6    1   372
    3        11     19     2    1   377
    3        11     20     3    1   634
    3        11     21     4    1   526
    3        11     22     5    1   465
    3        11     23     5    1   428
    3        11     24     2    1   438
    3        11     25     3    1   712
    3        11     26     5    1   526
    3        11     27     7    1   572
    3        11     28     8    1  1288
    3        11     29     5    1   413
    3        11     30     5    1   387
    3        11     31     7    1   501
    3        11     32     2    1  1596
    3        11     33     4    1   742
    3        11     34     2    1  1041
    3        11     35     4    0   599
    3        11     36     6    1   969
    3        11     37     8    1   830
    3        11     38     3    1   589
    3        11     39     3    1   439
    3        11     40     1    1   490
    3        11     41     3    1   577
    3        11     42     7    1   501
    3        11     43     6    1   927
    3        11     44     7    0   420
    3        11     45     8    1   588
    3        11     46     7    1   943
    3        11     47     6    1   573
    3        11     48     5    1   552
    3        11     49     1    1   382
    3        11     50     7    1   464
    3        11     51     8    1   764
    3        11     52     1    1   408
    3        11     53     8    1  1159
    3        11     54     4    1   819
    3        11     55     2    0   495
    3        11     56     1    1   629
    3        11     57     6    1   819
    3        11     58     1    1   377
    3        11     59     4    0   413
    3        11     60     2    1   516
    3        11     61     1    1   464
    3        11     62     8    1   552
    3        11     63     7    1   577
    3        11     64     5    1   470
    3        12      1     7    1  1215
    3        12      2     7    1   569
    3        12      3     1    1   470
    3        12      4     6    1   676
    3        12      5     3    1   501
    3        12      6     3    1   629
    3        12      7     4    1   387
    3        12      8     2    1   367
    3        12      9     3    1   613
    3        12     10     4    1   521
    3        12     11     5    1   372
    3        12     12     2    1   552
    3        12     13     2    1   716
    3        12     14     7    1   721
    3        12     15     3    1   737
    3        12     16     5    1   696
    3        12     17     1    1   510
    3        12     18     5    1   439
    3        12     19     5    1   398
    3        12     20     6    1   402
    3        12     21     2    1   500
    3        12     22     4    1   732
    3        12     23     1    1   670
    3        12     24     4    0   655
    3        12     25     1    1   927
    3        12     26     4    0   377
    3        12     27     4    1  1345
    3        12     28     8    1   598
    3        12     29     7    1   634
    3        12     30     5    1   510
    3        12     31     3    1   557
    3        12     32     3    1   392
    3        12     33     6    1   649
    3        12     34     3    1   587
    3        12     35     7    1   655
    3        12     36     2    1  1077
    3        12     37     8    1   495
    3        12     38     4    1   526
    3        12     39     6    1   644
    3        12     40     1    1   773
    3        12     41     8    1   428
    3        12     42     8    1   418
    3        12     43     8    1   655
    3        12     44     6    1   511
    3        12     45     8    1   603
    3        12     46     1    0   502
    3        12     47     5    1   480
    3        12     48     8    1   439
    3        12     49     8    1   480
    3        12     50     7    1   567
    3        12     51     6    1   418
    3        12     52     6    1   371
    3        12     53     5    1   562
    3        12     54     2    1   336
    3        12     55     5    0   470
    3        12     56     7    1   861
    3        12     57     7    1   419
    3        12     58     3    1   644
    3        12     59     1    1   439
    3        12     60     2    1   634
    3        12     61     4    1   717
    3        12     62     2    1   623
    3        12     63     1    1   613
    3        12     64     6    1   686
    3        13      1     5    1  1370
    3        13      2     5    1   454
    3        13      3     6    1   582
    3        13      4     5    1   495
    3        13      5     2    1   449
    3        13      6     1    1   758
    3        13      7     2    1   490
    3        13      8     8    1   572
    3        13      9     2    1   357
    3        13     10     5    1   516
    3        13     11     6    1   388
    3        13     12     3    1   444
    3        13     13     6    1  1174
    3        13     14     6    1   372
    3        13     15     1    1   429
    3        13     16     6    1   387
    3        13     17     4    1   578
    3        13     18     2    1   408
    3        13     19     3    0   475
    3        13     20     8    1  1010
    3        13     21     7    1   820
    3        13     22     7    1   649
    3        13     23     1    1   506
    3        13     24     4    1   639
    3        13     25     6    1   408
    3        13     26     8    1   475
    3        13     27     3    1   701
    3        13     28     5    1   428
    3        13     29     3    1   629
    3        13     30     4    1   588
    3        13     31     8    1   834
    3        13     32     6    1   867
    3        13     33     1    1   932
    3        13     34     3    1  1143
    3        13     35     6    1  1287
    3        13     36     2    1   619
    3        13     37     2    1   984
    3        13     38     2    1   377
    3        13     39     7    1   526
    3        13     40     7    1   449
    3        13     41     8    1   634
    3        13     42     4    1   444
    3        13     43     5    1  1030
    3        13     44     3    1   928
    3        13     45     7    1   433
    3        13     46     7    1   346
    3        13     47     8    1   875
    3        13     48     5    1   532
    3        13     49     1    1   763
    3        13     50     7    1   506
    3        13     51     8    1   943
    3        13     52     4    1   573
    3        13     53     2    1   773
    3        13     54     1    1   773
    3        13     55     4    0   450
    3        13     56     5    1   686
    3        13     57     3    1   382
    3        13     58     8    1   614
    3        13     59     3    1   516
    3        13     60     4    1   798
    3        13     61     1    1   501
    3        13     62     7    1   531
    3        13     63     4    1   659
    3        13     64     1    1   681
    3        14      1     5    1   423
    3        14      2     3    1   449
    3        14      3     2    1   305
    3        14      4     5    1   269
    3        14      5     5    1   382
    3        14      6     3    1   452
    3        14      7     4    1   459
    3        14      8     8    1   541
    3        14      9     6    1   747
    3        14     10     6    1   377
    3        14     11     5    1   603
    3        14     12     1    1   547
    3        14     13     2    1   500
    3        14     14     2    1   547
    3        14     15     7    1   608
    3        14     16     3    1   562
    3        14     17     5    1   748
    3        14     18     7    1   531
    3        14     19     1    1   809
    3        14     20     7    1   532
    3        14     21     7    1   506
    3        14     22     5    1   480
    3        14     23     6    1   367
    3        14     24     4    1   500
    3        14     25     4    1   440
    3        14     26     5    1   408
    3        14     27     2    1   439
    3        14     28     8    1   423
    3        14     29     6    1   402
    3        14     30     6    1   433
    3        14     31     7    1   557
    3        14     32     2    1   737
    3        14     33     7    1   551
    3        14     34     5    1   516
    3        14     35     1    1   531
    3        14     36     4    0   469
    3        14     37     8    1   568
    3        14     38     1    1   733
    3        14     39     8    1   552
    3        14     40     3    1   516
    3        14     41     4    1   536
    3        14     42     7    1   707
    3        14     43     2    1   989
    3        14     44     6    1   722
    3        14     45     2    1   614
    3        14     46     7    1   556
    3        14     47     4    0  1061
    3        14     48     8    1   609
    3        14     49     6    1   577
    3        14     50     8    1   461
    3        14     51     1    1  1015
    3        14     52     1    1   562
    3        14     53     2    1   783
    3        14     54     3    1   553
    3        14     55     4    1   495
    3        14     56     4    1   373
    3        14     57     6    1   536
    3        14     58     3    1   449
    3        14     59     1    1   361
    3        14     60     8    1   413
    3        14     61     3    1   382
    3        14     62     8    1   490
    3        14     63     1    1   362
    3        14     64     3    1   515
