% SubNumber, Age, Gender 	    25    19     1
% Contents of columns:
% Sub  BlockNum  Trial  Trty  Cor    RT
   25         1      1     4    0   904
   25         1      2     6    1  1285
   25         1      3     4    1   568
   25         1      4     5    1   449
   25         1      5     3    1   646
   25         1      6     8    1   645
   25         1      7     1    1   904
   25         1      8     1    1   398
   25         1      9     2    1   398
   25         1     10     2    1   408
   25         1     11     5    1   589
   25         1     12     7    1   743
   25         1     13     7    1   475
   25         1     14     3    1   533
   25         1     15     8    1   537
   25         1     16     1    1   760
   25         1     17     4    1   635
   25         1     18     3    1   501
   25         1     19     8    1   419
   25         1     20     1    1   981
   25         1     21     4    1   480
   25         1     22     5    1   584
   25         1     23     8    1   435
   25         1     24     5    1   620
   25         1     25     6    1   351
   25         1     26     3    1   460
   25         1     27     7    1   382
   25         1     28     7    1   430
   25         1     29     6    1   336
   25         1     30     2    1   533
   25         1     31     6    1   274
   25         1     32     2    1   414
   25         2      1     6    1   583
   25         2      2     8    1   491
   25         2      3     5    1   352
   25         2      4     2    1   661
   25         2      5     3    1   388
   25         2      6     6    1   382
   25         2      7     8    1   466
   25         2      8     1    1   707
   25         2      9     8    1   491
   25         2     10     6    1   404
   25         2     11     5    1  1331
   25         2     12     7    1   569
   25         2     13     3    1   388
   25         2     14     1    1   322
   25         2     15     2    1   357
   25         2     16     6    1   342
   25         2     17     4    1   403
   25         2     18     2    1   316
   25         2     19     4    0   439
   25         2     20     8    1   651
   25         2     21     7    1   475
   25         2     22     8    1   377
   25         2     23     2    1   336
   25         2     24     3    1   389
   25         2     25     8    1   346
   25         2     26     1    1   486
   25         2     27     6    1   460
   25         2     28     3    0   259
   25         2     29     6    1   501
   25         2     30     6    1   367
   25         2     31     4    1   393
   25         2     32     4    1   347
   25         2     33     3    1   387
   25         2     34     3    1   372
   25         2     35     4    1   409
   25         2     36     5    1   394
   25         2     37     5    1   460
   25         2     38     5    1   300
   25         2     39     7    1   444
   25         2     40     5    1   496
   25         2     41     1    1   383
   25         2     42     4    1   507
   25         2     43     2    1   450
   25         2     44     4    1   399
   25         2     45     7    1   424
   25         2     46     8    1   532
   25         2     47     2    1   744
   25         2     48     1    1   440
   25         2     49     5    1   522
   25         2     50     8    1   631
   25         2     51     2    1  1439
   25         2     52     3    0   424
   25         2     53     7    1   924
   25         2     54     4    1   512
   25         2     55     7    1   687
   25         2     56     2    1   624
   25         2     57     7    1   563
   25         2     58     1    1   697
   25         2     59     1    1   424
   25         2     60     7    1   527
   25         2     61     5    1   424
   25         2     62     6    1   393
   25         2     63     1    1   434
   25         2     64     3    1   455
   25         3      1     8    1   558
   25         3      2     2    1   398
   25         3      3     7    1   620
   25         3      4     6    1   326
   25         3      5     2    1   388
   25         3      6     1    1   455
   25         3      7     7    1   640
   25         3      8     2    1   465
   25         3      9     1    1   408
   25         3     10     6    1   393
   25         3     11     4    1   532
   25         3     12     4    1   465
   25         3     13     8    1   465
   25         3     14     3    1   388
   25         3     15     7    1   408
   25         3     16     2    1   419
   25         3     17     3    1   315
   25         3     18     6    1   296
   25         3     19     4    1   399
   25         3     20     1    1   306
   25         3     21     7    0   321
   25         3     22     8    1   424
   25         3     23     8    1   641
   25         3     24     2    1   362
   25         3     25     7    1   372
   25         3     26     1    1   347
   25         3     27     8    0   367
   25         3     28     6    1   573
   25         3     29     4    1   511
   25         3     30     5    1   357
   25         3     31     1    1   388
   25         3     32     7    1   429
   25         3     33     6    1   434
   25         3     34     5    1   532
   25         3     35     3    1   486
   25         3     36     2    1   383
   25         3     37     4    1   687
   25         3     38     3    1   475
   25         3     39     1    1   506
   25         3     40     8    1   682
   25         3     41     5    1   656
   25         3     42     6    1   413
   25         3     43     6    1   357
   25         3     44     3    0   373
   25         3     45     7    1  1202
   25         3     46     5    1   697
   25         3     47     2    1   341
   25         3     48     1    1   692
   25         3     49     5    1   547
   25         3     50     2    1   749
   25         3     51     3    1   588
   25         3     52     5    1   568
   25         3     53     8    1   589
   25         3     54     6    1   584
   25         3     55     5    1   583
   25         3     56     7    1   743
   25         3     57     4    1   682
   25         3     58     4    1   522
   25         3     59     8    1   599
   25         3     60     3    1   856
   25         3     61     3    1   692
   25         3     62     1    1   620
   25         3     63     4    1   630
   25         3     64     5    1   589
   25         4      1     2    1   522
   25         4      2     4    1   548
   25         4      3     4    1   331
   25         4      4     5    1   336
   25         4      5     7    1   532
   25         4      6     1    1   481
   25         4      7     8    1   553
   25         4      8     1    1   409
   25         4      9     4    1   506
   25         4     10     5    1   553
   25         4     11     6    1   357
   25         4     12     7    1   553
   25         4     13     5    1   316
   25         4     14     7    1   558
   25         4     15     3    1   666
   25         4     16     7    1   599
   25         4     17     6    1   594
   25         4     18     4    1   614
   25         4     19     1    1   650
   25         4     20     8    1   712
   25         4     21     7    1   543
   25         4     22     2    1   475
   25         4     23     1    1   347
   25         4     24     8    1   403
   25         4     25     8    1   429
   25         4     26     3    1   440
   25         4     27     5    1   522
   25         4     28     5    1   358
   25         4     29     1    1   425
   25         4     30     2    1   444
   25         4     31     1    1   471
   25         4     32     3    1   532
   25         4     33     5    1   444
   25         4     34     4    0   372
   25         4     35     2    1   455
   25         4     36     8    1   506
   25         4     37     6    1   424
   25         4     38     6    1   624
   25         4     39     8    1   934
   25         4     40     3    1   707
   25         4     41     7    1   522
   25         4     42     6    1   656
   25         4     43     6    1   408
   25         4     44     8    1   552
   25         4     45     1    1  1325
   25         4     46     6    1   532
   25         4     47     1    1   728
   25         4     48     7    1   569
   25         4     49     2    1   588
   25         4     50     7    1   702
   25         4     51     4    1   491
   25         4     52     3    1   558
   25         4     53     3    1   455
   25         4     54     3    1   409
   25         4     55     6    1   362
   25         4     56     4    1   393
   25         4     57     5    1   403
   25         4     58     3    1   408
   25         4     59     5    1   403
   25         4     60     2    1   558
   25         4     61     2    1   537
   25         4     62     8    1   573
   25         4     63     4    1   465
   25         4     64     2    1   960
   25         5      1     3    1   677
   25         5      2     6    1   378
   25         5      3     5    1   346
   25         5      4     4    1   604
   25         5      5     3    1   342
   25         5      6     1    1   600
   25         5      7     4    1   578
   25         5      8     2    1   677
   25         5      9     7    1   533
   25         5     10     8    1   439
   25         5     11     5    1   408
   25         5     12     2    1   579
   25         5     13     5    1   667
   25         5     14     1    1   692
   25         5     15     8    1   568
   25         5     16     7    1   542
   25         5     17     4    1   306
   25         5     18     3    1   430
   25         5     19     7    1   409
   25         5     20     1    1   573
   25         5     21     2    1   512
   25         5     22     4    1  1032
   25         5     23     4    1   682
   25         5     24     6    1   625
   25         5     25     6    1   476
   25         5     26     7    1   769
   25         5     27     5    1   688
   25         5     28     3    1   397
   25         5     29     4    1   393
   25         5     30     2    1   403
   25         5     31     8    1   692
   25         5     32     2    1   357
   25         5     33     1    1   332
   25         5     34     3    1   351
   25         5     35     2    1   445
   25         5     36     5    1   399
   25         5     37     1    1   352
   25         5     38     5    1   342
   25         5     39     3    0   337
   25         5     40     1    1   465
   25         5     41     5    1   408
   25         5     42     1    1   537
   25         5     43     6    1   532
   25         5     44     8    1   635
   25         5     45     8    1   388
   25         5     46     1    1   439
   25         5     47     6    1   403
   25         5     48     7    1   475
   25         5     49     8    1   450
   25         5     50     5    1   403
   25         5     51     7    1   470
   25         5     52     3    1   455
   25         5     53     2    1   455
   25         5     54     8    1   455
   25         5     55     7    1   449
   25         5     56     4    1   563
   25         5     57     4    1   424
   25         5     58     6    1   378
   25         5     59     2    1   455
   25         5     60     6    1   615
   25         5     61     7    1   573
   25         5     62     3    1   537
   25         5     63     8    1   630
   25         5     64     6    1   656
   25         6      1     8    1   450
   25         6      2     5    1   321
   25         6      3     4    1   399
   25         6      4     3    1   352
   25         6      5     4    1   383
   25         6      6     3    1   403
   25         6      7     4    1   331
   25         6      8     1    1   383
   25         6      9     8    1   491
   25         6     10     6    1   619
   25         6     11     6    1   527
   25         6     12     3    1   547
   25         6     13     3    1   769
   25         6     14     2    1   435
   25         6     15     5    1   599
   25         6     16     5    1   409
   25         6     17     6    1   363
   25         6     18     2    1   357
   25         6     19     8    1   444
   25         6     20     1    1   460
   25         6     21     7    1   620
   25         6     22     8    1   568
   25         6     23     7    1   429
   25         6     24     2    1   408
   25         6     25     8    1   450
   25         6     26     7    1   378
   25         6     27     1    1   398
   25         6     28     2    1   378
   25         6     29     6    1   419
   25         6     30     1    1   383
   25         6     31     1    1   430
   25         6     32     5    1   465
   25         6     33     1    1   352
   25         6     34     5    1   512
   25         6     35     7    1   744
   25         6     36     2    1   506
   25         6     37     7    1   547
   25         6     38     5    1   888
   25         6     39     5    1   367
   25         6     40     2    1   378
   25         6     41     6    1   404
   25         6     42     8    1   434
   25         6     43     3    1   960
   25         6     44     8    1  1414
   25         6     45     4    1   424
   25         6     46     4    1   403
   25         6     47     2    1   398
   25         6     48     4    1   522
   25         6     49     7    1   424
   25         6     50     7    1   584
   25         6     51     6    1   569
   25         6     52     4    1  1454
   25         6     53     6    1   439
   25         6     54     1    1   594
   25         6     55     8    1   522
   25         6     56     2    1   872
   25         6     57     6    1   393
   25         6     58     3    1   455
   25         6     59     1    1   455
   25         6     60     4    1   439
   25         6     61     3    1   574
   25         6     62     5    1   521
   25         6     63     3    1   419
   25         6     64     7    1   420
   25         7      1     3    1   470
   25         7      2     3    1   481
   25         7      3     1    1   408
   25         7      4     1    1   625
   25         7      5     2    1   342
   25         7      6     4    1   393
   25         7      7     7    1  1099
   25         7      8     2    1   419
   25         7      9     3    1   461
   25         7     10     4    1   413
   25         7     11     2    1   393
   25         7     12     4    1   579
   25         7     13     6    1   929
   25         7     14     8    1   357
   25         7     15     8    1   620
   25         7     16     8    1   378
   25         7     17     5    1   873
   25         7     18     4    0   408
   25         7     19     7    1   929
   25         7     20     2    1   888
   25         7     21     7    1   584
   25         7     22     3    1   398
   25         7     23     2    1   748
   25         7     24     6    1   537
   25         7     25     5    1   743
   25         7     26     6    1   599
   25         7     27     5    1   362
   25         7     28     4    1   413
   25         7     29     4    1   408
   25         7     30     5    1   429
   25         7     31     2    1   414
   25         7     32     1    1   733
   25         7     33     5    1   346
   25         7     34     4    1   698
   25         7     35     8    1   305
   25         7     36     7    1   600
   25         7     37     6    1   408
   25         7     38     6    1   413
   25         7     39     2    1   481
   25         7     40     3    1   862
   25         7     41     1    1   609
   25         7     42     5    1   585
   25         7     43     5    1   491
   25         7     44     5    1   429
   25         7     45     8    1   388
   25         7     46     8    1   651
   25         7     47     4    1   332
   25         7     48     3    1   485
   25         7     49     3    1   444
   25         7     50     1    1   382
   25         7     51     2    1   707
   25         7     52     6    1   369
   25         7     53     6    1   523
   25         7     54     6    1   418
   25         7     55     8    1   539
   25         7     56     7    1   563
   25         7     57     7    1   429
   25         7     58     1    1   465
   25         7     59     7    1   403
   25         7     60     1    1   372
   25         7     61     7    1   362
   25         7     62     8    1   475
   25         7     63     3    1   635
   25         7     64     1    1   512
   25         8      1     4    1   868
   25         8      2     4    1   640
   25         8      3     7    1  1877
   25         8      4     7    1   486
   25         8      5     6    1   537
   25         8      6     1    1   491
   25         8      7     8    1  1548
   25         8      8     2    1   439
   25         8      9     4    1   362
   25         8     10     7    1  1248
   25         8     11     3    1   718
   25         8     12     8    1   382
   25         8     13     6    1   651
   25         8     14     5    1   527
   25         8     15     7    1   399
   25         8     16     1    1   666
   25         8     17     1    1   476
   25         8     18     6    1   522
   25         8     19     2    1   573
   25         8     20     3    1   516
   25         8     21     8    1   532
   25         8     22     3    1   558
   25         8     23     4    1   625
   25         8     24     5    1   486
   25         8     25     2    1   332
   25         8     26     3    1   552
   25         8     27     1    0   501
   25         8     28     6    1   717
   25         8     29     5    1   372
   25         8     30     2    1   806
   25         8     31     8    1   496
   25         8     32     5    1   538
   25         9      1     6    1   645
   25         9      2     8    1   823
   25         9      3     1    1   640
   25         9      4     5    1   332
   25         9      5     1    1   542
   25         9      6     7    1   605
   25         9      7     2    1   748
   25         9      8     1    1  1300
   25         9      9     3    1   372
   25         9     10     1    1   439
   25         9     11     1    1   429
   25         9     12     5    1   367
   25         9     13     6    1   671
   25         9     14     7    1   661
   25         9     15     8    1   461
   25         9     16     6    1   599
   25         9     17     2    1   847
   25         9     18     4    1   676
   25         9     19     2    1   620
   25         9     20     8    1   491
   25         9     21     5    1   522
   25         9     22     3    1   491
   25         9     23     7    1   579
   25         9     24     4    1   955
   25         9     25     4    0   960
   25         9     26     5    1   429
   25         9     27     2    1   378
   25         9     28     4    1   460
   25         9     29     6    1   568
   25         9     30     5    1   568
   25         9     31     3    1   492
   25         9     32     4    1   475
   25         9     33     5    1   486
   25         9     34     3    1   357
   25         9     35     1    1   528
   25         9     36     1    1   542
   25         9     37     3    1   579
   25         9     38     8    1  1738
   25         9     39     3    1   527
   25         9     40     5    1   589
   25         9     41     7    1   614
   25         9     42     6    1   542
   25         9     43     6    1   645
   25         9     44     2    1   480
   25         9     45     8    1   558
   25         9     46     1    1   645
   25         9     47     8    1   604
   25         9     48     7    1   806
   25         9     49     7    1  1424
   25         9     50     7    1   764
   25         9     51     4    1   547
   25         9     52     2    1  1089
   25         9     53     6    1   502
   25         9     54     2    1   723
   25         9     55     3    1   549
   25         9     56     2    1   568
   25         9     57     8    1   698
   25         9     58     8    1   450
   25         9     59     4    1   595
   25         9     60     6    1   646
   25         9     61     7    1   713
   25         9     62     3    1   620
   25         9     63     5    1   455
   25         9     64     4    1   903
   25        10      1     1    1   939
   25        10      2     1    1   584
   25        10      3     3    1   584
   25        10      4     4    1   496
   25        10      5     5    1   346
   25        10      6     8    1   517
   25        10      7     6    1   414
   25        10      8     2    1   413
   25        10      9     4    1   491
   25        10     10     6    1  1104
   25        10     11     3    1   487
   25        10     12     4    1   387
   25        10     13     1    0   424
   25        10     14     3    1  1691
   25        10     15     5    1   388
   25        10     16     1    1   512
   25        10     17     8    0   724
   25        10     18     2    1   538
   25        10     19     7    1   681
   25        10     20     4    1   553
   25        10     21     2    1   573
   25        10     22     5    1  1063
   25        10     23     8    1   522
   25        10     24     6    1  1016
   25        10     25     2    1   512
   25        10     26     5    1  1598
   25        10     27     7    1  1156
   25        10     28     1    0   758
   25        10     29     6    1  1294
   25        10     30     5    1   589
   25        10     31     4    1   537
   25        10     32     8    1   439
   25        10     33     6    0   439
   25        10     34     6    1   625
   25        10     35     8    1   521
   25        10     36     3    1   465
   25        10     37     2    1   470
   25        10     38     4    1   646
   25        10     39     4    1  1114
   25        10     40     2    1   862
   25        10     41     4    1   522
   25        10     42     1    1   743
   25        10     43     1    1   532
   25        10     44     6    1   496
   25        10     45     6    1   599
   25        10     46     1    1   594
   25        10     47     7    1   573
   25        10     48     7    1   450
   25        10     49     7    1   480
   25        10     50     3    1   522
   25        10     51     8    1   625
   25        10     52     3    1   537
   25        10     53     8    1   584
   25        10     54     3    1   625
   25        10     55     3    1   516
   25        10     56     8    1   506
   25        10     57     5    1   599
   25        10     58     2    1   414
   25        10     59     5    0   630
   25        10     60     7    1  1135
   25        10     61     7    1   573
   25        10     62     2    0   516
   25        10     63     5    1   398
   25        10     64     7    1   465
   25        11      1     4    1   589
   25        11      2     7    1   975
   25        11      3     2    1   444
   25        11      4     2    1   599
   25        11      5     1    1   841
   25        11      6     6    1   569
   25        11      7     2    1   352
   25        11      8     3    1   769
   25        11      9     2    1   501
   25        11     10     2    1   342
   25        11     11     7    0   377
   25        11     12     2    1   558
   25        11     13     2    1   388
   25        11     14     4    1   511
   25        11     15     8    1   558
   25        11     16     6    1   600
   25        11     17     3    1   490
   25        11     18     1    1   393
   25        11     19     5    1   511
   25        11     20     6    1   759
   25        11     21     7    1   532
   25        11     22     4    1   790
   25        11     23     7    1   548
   25        11     24     3    1   497
   25        11     25     3    1   630
   25        11     26     7    1   538
   25        11     27     5    1  1207
   25        11     28     8    1   672
   25        11     29     8    1  1119
   25        11     30     3    1   655
   25        11     31     8    1   512
   25        11     32     5    1   511
   25        11     33     7    1   516
   25        11     34     7    1   960
   25        11     35     2    0   568
   25        11     36     5    1   553
   25        11     37     8    1   899
   25        11     38     4    1   661
   25        11     39     4    1   769
   25        11     40     1    1   842
   25        11     41     4    1   491
   25        11     42     5    1   373
   25        11     43     1    1   739
   25        11     44     8    1   800
   25        11     45     5    1   686
   25        11     46     3    1   842
   25        11     47     6    1   553
   25        11     48     5    1   439
   25        11     49     7    1   470
   25        11     50     1    1   439
   25        11     51     5    1   552
   25        11     52     6    0   636
   25        11     53     4    0   553
   25        11     54     6    1  1382
   25        11     55     1    1   646
   25        11     56     4    1  1099
   25        11     57     1    1   949
   25        11     58     8    1   527
   25        11     59     8    1   609
   25        11     60     1    1   316
   25        11     61     3    1   692
   25        11     62     6    1   811
   25        11     63     6    1   367
   25        11     64     3    1   610
   25        12      1     2    1   636
   25        12      2     1    0   614
   25        12      3     4    1   450
   25        12      4     7    1   553
   25        12      5     8    1   723
   25        12      6     2    1   377
   25        12      7     2    1   496
   25        12      8     6    1   445
   25        12      9     5    1   352
   25        12     10     6    1   537
   25        12     11     8    1   496
   25        12     12     2    1   399
   25        12     13     1    1   429
   25        12     14     8    1   542
   25        12     15     5    1   362
   25        12     16     6    1   470
   25        12     17     8    0   352
   25        12     18     4    1   682
   25        12     19     5    1   522
   25        12     20     5    1   475
   25        12     21     3    1   728
   25        12     22     1    1   656
   25        12     23     5    1   614
   25        12     24     1    1  1217
   25        12     25     4    0   481
   25        12     26     7    1  1109
   25        12     27     8    1   460
   25        12     28     3    1   723
   25        12     29     6    0  1997
   25        12     30     2    1   733
   25        12     31     6    1   827
   25        12     32     3    1   753
   25        12     33     4    1   810
   25        12     34     1    1   506
   25        12     35     4    1  1754
   25        12     36     7    1   409
   25        12     37     5    1   538
   25        12     38     7    1   573
   25        12     39     3    1   553
   25        12     40     5    0   543
   25        12     41     4    1   455
   25        12     42     8    1  1006
   25        12     43     7    0   810
   25        12     44     3    0  1934
   25        12     45     3    1   507
   25        12     46     7    1   728
   25        12     47     4    1   821
   25        12     48     7    1   899
   25        12     49     6    1   537
   25        12     50     2    1   373
   25        12     51     2    1   707
   25        12     52     2    1   408
   25        12     53     1    1   563
   25        12     54     6    1   480
   25        12     55     5    1   471
   25        12     56     6    1   357
   25        12     57     8    1   481
   25        12     58     8    1   738
   25        12     59     1    0   651
   25        12     60     4    1   826
   25        12     61     3    1   475
   25        12     62     1    1   563
   25        12     63     3    1   614
   25        12     64     7    1   682
   25        13      1     6    1   614
   25        13      2     5    1   656
   25        13      3     4    1   425
   25        13      4     3    1   619
   25        13      5     1    1   718
   25        13      6     8    1  1172
   25        13      7     1    1  1908
   25        13      8     2    1   671
   25        13      9     4    0  1996
   25        13     10     8    1   481
   25        13     11     2    1   393
   25        13     12     4    1  1068
   25        13     13     8    1   661
   25        13     14     2    0   934
   25        13     15     3    1   491
   25        13     16     4    0   692
   25        13     17     1    1   594
   25        13     18     6    1   470
   25        13     19     2    1   533
   25        13     20     5    1   445
   25        13     21     5    1   372
   25        13     22     4    1   609
   25        13     23     1    1   796
   25        13     24     1    1   604
   25        13     25     7    1   584
   25        13     26     1    1   388
   25        13     27     6    1   615
   25        13     28     7    1   862
   25        13     29     6    1   584
   25        13     30     4    1   471
   25        13     31     5    0  1996
   25        13     32     7    1   538
   25        13     33     2    1   589
   25        13     34     3    1   537
   25        13     35     5    1  1424
   25        13     36     3    1   399
   25        13     37     8    1   785
   25        13     38     7    1  1021
   25        13     39     3    1   568
   25        13     40     8    1   790
   25        13     41     7    1   594
   25        13     42     4    1   589
   25        13     43     3    1  1980
   25        13     44     4    1   538
   25        13     45     1    1  1496
   25        13     46     8    0   846
   25        13     47     2    1   698
   25        13     48     6    1   553
   25        13     49     6    1   899
   25        13     50     5    1   336
   25        13     51     7    1   470
   25        13     52     8    1   614
   25        13     53     8    1   625
   25        13     54     2    1  1429
   25        13     55     6    0  1996
   25        13     56     7    1   888
   25        13     57     3    1   537
   25        13     58     7    1  1032
   25        13     59     2    1   918
   25        13     60     6    1   692
   25        13     61     3    1  1356
   25        13     62     5    1   388
   25        13     63     1    1   661
   25        13     64     5    1  1655
   25        14      1     2    1   676
   25        14      2     4    1   419
   25        14      3     8    0   476
   25        14      4     1    1   542
   25        14      5     2    1   480
   25        14      6     7    1   625
   25        14      7     4    1   558
   25        14      8     5    1   728
   25        14      9     6    1   589
   25        14     10     7    1   610
   25        14     11     8    1   661
   25        14     12     6    1   717
   25        14     13     6    1   646
   25        14     14     1    1   749
   25        14     15     3    1   682
   25        14     16     2    1   666
   25        14     17     3    1   615
   25        14     18     7    1   625
   25        14     19     4    1   645
   25        14     20     2    1   568
   25        14     21     7    1   692
   25        14     22     5    1   738
   25        14     23     1    1  1192
   25        14     24     3    1   589
   25        14     25     8    1   728
   25        14     26     1    1   682
   25        14     27     7    1   810
   25        14     28     8    1   414
   25        14     29     4    1   496
   25        14     30     5    1   537
   25        14     31     3    1   548
   25        14     32     6    1   615
   25        14     33     8    1   362
   25        14     34     4    1   609
   25        14     35     3    1  1491
   25        14     36     8    1   728
   25        14     37     7    0   846
   25        14     38     4    1   903
   25        14     39     2    1   610
   25        14     40     4    0   362
   25        14     41     5    1   506
   25        14     42     5    1  1208
   25        14     43     1    1   594
   25        14     44     1    0   604
   25        14     45     3    1   662
   25        14     46     5    1   374
   25        14     47     1    1   460
   25        14     48     8    1   573
   25        14     49     6    1   512
   25        14     50     3    1   743
   25        14     51     6    0   558
   25        14     52     6    1   692
   25        14     53     5    1   491
   25        14     54     2    1   744
   25        14     55     4    1   728
   25        14     56     8    1   398
   25        14     57     1    1   393
   25        14     58     6    1   377
   25        14     59     7    1  1269
   25        14     60     2    0  1995
   25        14     61     5    1   527
   25        14     62     7    0  1996
   25        14     63     2    0  1996
   25        14     64     3    1   533
