% SubNumber, Age, Gender 	    11    18     2
% Contents of columns:
% Sub  BlockNum  Trial  Trty  Cor    RT
   11         1      1     5    1   703
   11         1      2     6    1   332
   11         1      3     1    1   274
   11         1      4     2    1   274
   11         1      5     4    0   320
   11         1      6     7    1   810
   11         1      7     2    1   429
   11         1      8     3    1   491
   11         1      9     5    1   506
   11         1     10     7    1   604
   11         1     11     3    1   403
   11         1     12     5    1   289
   11         1     13     6    1   408
   11         1     14     1    1   300
   11         1     15     4    0   367
   11         1     16     8    1   677
   11         1     17     8    1   372
   11         1     18     1    1   351
   11         1     19     4    1   455
   11         1     20     3    1   351
   11         1     21     6    1   533
   11         1     22     7    1   670
   11         1     23     2    1   496
   11         1     24     1    1   393
   11         1     25     7    1   357
   11         1     26     8    1   305
   11         1     27     6    1   485
   11         1     28     5    1   470
   11         1     29     3    0   316
   11         1     30     8    1   542
   11         1     31     4    1   475
   11         1     32     2    1   562
   11         2      1     2    1   567
   11         2      2     3    1   419
   11         2      3     7    1   459
   11         2      4     5    1   382
   11         2      5     3    1   434
   11         2      6     6    1   377
   11         2      7     1    1   346
   11         2      8     2    1   444
   11         2      9     6    1   346
   11         2     10     7    1   480
   11         2     11     6    0   377
   11         2     12     4    1   918
   11         2     13     6    1   377
   11         2     14     7    1   470
   11         2     15     6    1   614
   11         2     16     4    1   562
   11         2     17     5    1   443
   11         2     18     5    1   454
   11         2     19     3    1   490
   11         2     20     4    1   398
   11         2     21     7    1   403
   11         2     22     3    0   300
   11         2     23     1    1   650
   11         2     24     1    1   418
   11         2     25     2    1   424
   11         2     26     1    1   315
   11         2     27     2    1   351
   11         2     28     6    1   506
   11         2     29     3    1   619
   11         2     30     1    1   542
   11         2     31     3    1   450
   11         2     32     8    1   588
   11         2     33     3    1   372
   11         2     34     4    1   393
   11         2     35     3    1   403
   11         2     36     2    0   326
   11         2     37     5    1   613
   11         2     38     2    1   433
   11         2     39     5    1   330
   11         2     40     1    1   290
   11         2     41     4    1   357
   11         2     42     7    1   394
   11         2     43     4    1   423
   11         2     44     8    1   496
   11         2     45     8    1   441
   11         2     46     2    1   583
   11         2     47     8    1   383
   11         2     48     6    1   423
   11         2     49     8    0   285
   11         2     50     2    1   516
   11         2     51     5    1   553
   11         2     52     5    1   367
   11         2     53     1    1   377
   11         2     54     1    1   347
   11         2     55     7    0   322
   11         2     56     7    1   583
   11         2     57     5    1   444
   11         2     58     8    1   603
   11         2     59     4    1   475
   11         2     60     7    1   583
   11         2     61     8    1   346
   11         2     62     6    1   480
   11         2     63     4    1   430
   11         2     64     8    1   418
   11         3      1     7    1   537
   11         3      2     2    1   315
   11         3      3     1    1   347
   11         3      4     8    0   330
   11         3      5     5    1   605
   11         3      6     1    1   392
   11         3      7     4    1   460
   11         3      8     3    1   351
   11         3      9     7    1   444
   11         3     10     3    0   341
   11         3     11     1    1   433
   11         3     12     5    1   402
   11         3     13     5    1   439
   11         3     14     5    1   325
   11         3     15     1    1   362
   11         3     16     3    0   418
   11         3     17     1    1   469
   11         3     18     6    1   341
   11         3     19     6    1   403
   11         3     20     2    1   485
   11         3     21     2    1   300
   11         3     22     3    1   456
   11         3     23     5    1   394
   11         3     24     8    0   342
   11         3     25     7    1   460
   11         3     26     2    1   412
   11         3     27     4    1   341
   11         3     28     2    1   382
   11         3     29     8    1   527
   11         3     30     8    1   414
   11         3     31     6    1   511
   11         3     32     1    1   388
   11         3     33     6    1   392
   11         3     34     8    0   326
   11         3     35     5    1  1550
   11         3     36     7    1   438
   11         3     37     4    1   537
   11         3     38     7    1   341
   11         3     39     2    1   588
   11         3     40     1    1   382
   11         3     41     3    1   435
   11         3     42     4    0   363
   11         3     43     6    1   711
   11         3     44     1    1   366
   11         3     45     8    1   413
   11         3     46     4    1   517
   11         3     47     6    1   470
   11         3     48     2    1   413
   11         3     49     4    1   598
   11         3     50     3    1   460
   11         3     51     3    1   372
   11         3     52     7    1   464
   11         3     53     8    1   521
   11         3     54     5    1   475
   11         3     55     7    1   475
   11         3     56     2    0   423
   11         3     57     5    1   711
   11         3     58     8    1   593
   11         3     59     7    1   392
   11         3     60     6    1   475
   11         3     61     3    1   531
   11         3     62     4    1   464
   11         3     63     4    1   449
   11         3     64     6    1   548
   11         4      1     3    1   629
   11         4      2     7    1   455
   11         4      3     3    1   481
   11         4      4     5    1   398
   11         4      5     5    1   388
   11         4      6     4    1   387
   11         4      7     7    1   624
   11         4      8     8    1   635
   11         4      9     5    1   506
   11         4     10     8    1   393
   11         4     11     5    1   480
   11         4     12     6    1   398
   11         4     13     8    1   351
   11         4     14     5    1   346
   11         4     15     8    1   403
   11         4     16     1    0   388
   11         4     17     3    1   671
   11         4     18     1    1   439
   11         4     19     3    1   609
   11         4     20     2    1   654
   11         4     21     7    1   333
   11         4     22     4    1   387
   11         4     23     5    1  1000
   11         4     24     8    1   449
   11         4     25     4    1   495
   11         4     26     4    1   465
   11         4     27     2    1   439
   11         4     28     7    1   315
   11         4     29     6    1   362
   11         4     30     1    1   402
   11         4     31     6    1   382
   11         4     32     1    1   300
   11         4     33     2    1   337
   11         4     34     2    1   352
   11         4     35     4    1   397
   11         4     36     6    1   351
   11         4     37     3    1   485
   11         4     38     3    1   346
   11         4     39     1    1   335
   11         4     40     6    0   367
   11         4     41     2    1   656
   11         4     42     8    1   536
   11         4     43     2    1   279
   11         4     44     8    1   449
   11         4     45     2    1   305
   11         4     46     5    1   377
   11         4     47     1    1   578
   11         4     48     2    1   469
   11         4     49     1    1   336
   11         4     50     1    1   289
   11         4     51     6    1   429
   11         4     52     4    1   454
   11         4     53     5    1   388
   11         4     54     6    1   392
   11         4     55     3    1   454
   11         4     56     3    1   372
   11         4     57     7    1   331
   11         4     58     6    1   465
   11         4     59     7    0   351
   11         4     60     4    1   531
   11         4     61     4    1   423
   11         4     62     7    1   387
   11         4     63     7    1   392
   11         4     64     8    1   387
   11         5      1     1    1   856
   11         5      2     7    1   367
   11         5      3     6    1   491
   11         5      4     5    1   419
   11         5      5     8    1   403
   11         5      6     8    1   382
   11         5      7     6    1   433
   11         5      8     2    1   467
   11         5      9     8    0   300
   11         5     10     5    1   475
   11         5     11     6    1   490
   11         5     12     3    1   521
   11         5     13     7    1   454
   11         5     14     2    1   336
   11         5     15     5    1   382
   11         5     16     7    0   352
   11         5     17     4    1   496
   11         5     18     4    1   382
   11         5     19     3    1   423
   11         5     20     2    1   397
   11         5     21     4    1   423
   11         5     22     5    1   362
   11         5     23     1    1   275
   11         5     24     8    1   310
   11         5     25     4    1   444
   11         5     26     4    1   387
   11         5     27     8    1   280
   11         5     28     3    1   454
   11         5     29     3    1   505
   11         5     30     4    1   362
   11         5     31     3    1   356
   11         5     32     1    1   331
   11         5     33     5    1   310
   11         5     34     7    0   325
   11         5     35     7    1   598
   11         5     36     6    1   624
   11         5     37     1    1   305
   11         5     38     1    1   295
   11         5     39     5    1   300
   11         5     40     1    1   284
   11         5     41     2    1   372
   11         5     42     6    1   361
   11         5     43     7    1   421
   11         5     44     8    0   310
   11         5     45     8    1   398
   11         5     46     5    1   372
   11         5     47     3    1   598
   11         5     48     7    1   495
   11         5     49     7    1   377
   11         5     50     6    1   501
   11         5     51     5    0   372
   11         5     52     3    1   516
   11         5     53     2    1   383
   11         5     54     1    1   464
   11         5     55     1    1   305
   11         5     56     4    1   408
   11         5     57     2    1   578
   11         5     58     3    1   388
   11         5     59     8    1   382
   11         5     60     2    1   413
   11         5     61     2    1   310
   11         5     62     4    1   398
   11         5     63     6    1   377
   11         5     64     6    1   387
   11         6      1     6    1   413
   11         6      2     6    1   310
   11         6      3     2    1   429
   11         6      4     2    1   361
   11         6      5     3    1   486
   11         6      6     7    1   490
   11         6      7     4    1   356
   11         6      8     5    0   552
   11         6      9     1    1   444
   11         6     10     8    1   567
   11         6     11     8    1   460
   11         6     12     7    1   341
   11         6     13     2    1   351
   11         6     14     6    1   454
   11         6     15     2    1   470
   11         6     16     8    1   711
   11         6     17     1    1   295
   11         6     18     1    1   300
   11         6     19     3    1   425
   11         6     20     7    1   469
   11         6     21     5    0   444
   11         6     22     2    1   423
   11         6     23     4    1   377
   11         6     24     4    0   367
   11         6     25     3    1   793
   11         6     26     4    1   315
   11         6     27     1    1   418
   11         6     28     6    1   310
   11         6     29     3    1   470
   11         6     30     8    1   403
   11         6     31     7    1   454
   11         6     32     7    1   325
   11         6     33     8    1   294
   11         6     34     2    1   449
   11         6     35     4    1   469
   11         6     36     1    0   439
   11         6     37     3    1   500
   11         6     38     5    1   423
   11         6     39     6    1   341
   11         6     40     8    1   382
   11         6     41     3    1   454
   11         6     42     3    1   336
   11         6     43     6    1   295
   11         6     44     4    1   357
   11         6     45     7    1   351
   11         6     46     7    1   320
   11         6     47     3    1   438
   11         6     48     4    1   588
   11         6     49     1    1   496
   11         6     50     5    0   377
   11         6     51     2    1   526
   11         6     52     5    1   346
   11         6     53     6    1   352
   11         6     54     4    1   573
   11         6     55     2    1   403
   11         6     56     7    1   372
   11         6     57     5    1   382
   11         6     58     5    1   305
   11         6     59     6    1   315
   11         6     60     8    1   429
   11         6     61     5    1   408
   11         6     62     1    1   403
   11         6     63     8    1   317
   11         6     64     1    1   330
   11         7      1     4    1   650
   11         7      2     5    1   552
   11         7      3     3    1   325
   11         7      4     6    1   501
   11         7      5     3    1   274
   11         7      6     3    1   372
   11         7      7     5    1   336
   11         7      8     1    1   469
   11         7      9     8    1   357
   11         7     10     7    1   377
   11         7     11     7    1   382
   11         7     12     3    1   290
   11         7     13     4    1   320
   11         7     14     2    1   507
   11         7     15     3    1   516
   11         7     16     6    1   537
   11         7     17     4    1   454
   11         7     18     7    1   413
   11         7     19     8    1   321
   11         7     20     1    1   295
   11         7     21     7    1   377
   11         7     22     1    1   310
   11         7     23     8    1   280
   11         7     24     2    1   377
   11         7     25     6    1   485
   11         7     26     4    1   285
   11         7     27     2    1   430
   11         7     28     6    1   495
   11         7     29     3    1   372
   11         7     30     1    1   464
   11         7     31     6    1   409
   11         7     32     2    1   316
   11         7     33     6    1   346
   11         7     34     7    0   362
   11         7     35     7    1   469
   11         7     36     8    1   310
   11         7     37     5    1   397
   11         7     38     5    1   383
   11         7     39     2    1   403
   11         7     40     4    1   392
   11         7     41     4    1   383
   11         7     42     5    1   310
   11         7     43     2    1   506
   11         7     44     4    1   531
   11         7     45     8    0   310
   11         7     46     7    1   480
   11         7     47     1    1   356
   11         7     48     1    1   284
   11         7     49     4    1   387
   11         7     50     6    1   398
   11         7     51     7    1   377
   11         7     52     1    1   485
   11         7     53     6    1   459
   11         7     54     8    1   567
   11         7     55     3    1   377
   11         7     56     3    1   439
   11         7     57     8    1   423
   11         7     58     5    1   397
   11         7     59     5    1   418
   11         7     60     1    1   372
   11         7     61     2    1   336
   11         7     62     5    1   351
   11         7     63     8    1   444
   11         7     64     2    1   413
   11         8      1     8    1   727
   11         8      2     2    0   588
   11         8      3     4    1   799
   11         8      4     3    1   562
   11         8      5     6    0   752
   11         8      6     7    0   758
   11         8      7     6    1   861
   11         8      8     2    1  1380
   11         8      9     5    1   809
   11         8     10     5    1   515
   11         8     11     5    1   438
   11         8     12     2    1   562
   11         8     13     1    1  1025
   11         8     14     7    1   475
   11         8     15     4    1   521
   11         8     16     3    1   470
   11         8     17     8    1   572
   11         8     18     6    1   636
   11         8     19     2    1   428
   11         8     20     1    1   701
   11         8     21     4    1   557
   11         8     22     8    1   763
   11         8     23     3    1   558
   11         8     24     1    1   573
   11         8     25     6    1   425
   11         8     26     1    1   599
   11         8     27     7    1   459
   11         8     28     7    1   398
   11         8     29     5    1   557
   11         8     30     4    1   361
   11         8     31     3    1   438
   11         8     32     8    1   459
   11         9      1     2    1   711
   11         9      2     6    1   618
   11         9      3     6    1   387
   11         9      4     1    1   444
   11         9      5     8    1   551
   11         9      6     1    0   402
   11         9      7     3    1   439
   11         9      8     4    1   490
   11         9      9     3    1   526
   11         9     10     7    1   440
   11         9     11     3    1   455
   11         9     12     5    1   367
   11         9     13     6    0   449
   11         9     14     2    1   547
   11         9     15     7    0   577
   11         9     16     1    1   665
   11         9     17     4    1   593
   11         9     18     7    1   482
   11         9     19     4    1   595
   11         9     20     7    1   676
   11         9     21     2    1   511
   11         9     22     7    1   588
   11         9     23     5    1   753
   11         9     24     8    1   609
   11         9     25     2    1   495
   11         9     26     1    1   670
   11         9     27     4    1   588
   11         9     28     1    1   634
   11         9     29     5    1   465
   11         9     30     2    1   428
   11         9     31     6    0   434
   11         9     32     5    1   639
   11         9     33     8    1   511
   11         9     34     3    1   536
   11         9     35     5    1   490
   11         9     36     3    1   706
   11         9     37     8    1   592
   11         9     38     7    1   702
   11         9     39     4    1   506
   11         9     40     4    1   444
   11         9     41     6    1   346
   11         9     42     5    1   362
   11         9     43     8    1   541
   11         9     44     2    0   469
   11         9     45     4    1   541
   11         9     46     6    1   537
   11         9     47     2    1   593
   11         9     48     6    0   361
   11         9     49     8    1   608
   11         9     50     8    1   409
   11         9     51     1    0   459
   11         9     52     7    1   501
   11         9     53     1    1   372
   11         9     54     5    1   459
   11         9     55     3    1   408
   11         9     56     5    1   326
   11         9     57     6    1   372
   11         9     58     1    0   382
   11         9     59     2    1   783
   11         9     60     7    1   398
   11         9     61     3    1   567
   11         9     62     4    1   562
   11         9     63     8    1   583
   11         9     64     3    1   526
   11        10      1     8    1   707
   11        10      2     3    1   593
   11        10      3     5    0   470
   11        10      4     8    1   670
   11        10      5     1    1   599
   11        10      6     3    1   763
   11        10      7     4    1   413
   11        10      8     5    1   465
   11        10      9     4    1   475
   11        10     10     2    1   480
   11        10     11     6    1   634
   11        10     12     8    1   428
   11        10     13     6    1   588
   11        10     14     8    0   434
   11        10     15     8    1   480
   11        10     16     2    1   372
   11        10     17     4    1   526
   11        10     18     4    1   397
   11        10     19     7    1   495
   11        10     20     6    1   917
   11        10     21     5    1   475
   11        10     22     1    1   403
   11        10     23     1    1   367
   11        10     24     3    1   691
   11        10     25     5    1   428
   11        10     26     5    1   382
   11        10     27     8    1   454
   11        10     28     4    1   495
   11        10     29     8    1   538
   11        10     30     6    1   675
   11        10     31     7    1   341
   11        10     32     3    1   418
   11        10     33     4    1   413
   11        10     34     2    1   439
   11        10     35     6    0   346
   11        10     36     6    1   598
   11        10     37     4    1   377
   11        10     38     7    1   444
   11        10     39     3    1   470
   11        10     40     3    1   392
   11        10     41     7    1   394
   11        10     42     8    1   476
   11        10     43     7    1   634
   11        10     44     5    1   624
   11        10     45     1    1   608
   11        10     46     5    1   578
   11        10     47     1    1   510
   11        10     48     7    1   455
   11        10     49     2    1   536
   11        10     50     2    1   372
   11        10     51     6    1   593
   11        10     52     2    1   593
   11        10     53     7    1   583
   11        10     54     2    1   465
   11        10     55     7    1   547
   11        10     56     1    1   577
   11        10     57     3    1   434
   11        10     58     4    1   398
   11        10     59     3    1   310
   11        10     60     5    1   377
   11        10     61     2    1   464
   11        10     62     6    1   696
   11        10     63     1    1   419
   11        10     64     1    1   459
   11        11      1     6    1   469
   11        11      2     4    1   270
   11        11      3     1    0   367
   11        11      4     4    1   491
   11        11      5     3    0   397
   11        11      6     5    1   464
   11        11      7     5    1   320
   11        11      8     4    1   469
   11        11      9     2    0   372
   11        11     10     7    1   516
   11        11     11     1    1   362
   11        11     12     3    0   366
   11        11     13     6    1   671
   11        11     14     5    1   563
   11        11     15     6    1   367
   11        11     16     1    1   434
   11        11     17     6    0   341
   11        11     18     8    1   531
   11        11     19     7    1   325
   11        11     20     8    1   357
   11        11     21     6    1   583
   11        11     22     3    1   413
   11        11     23     1    1   533
   11        11     24     6    1   598
   11        11     25     3    1   572
   11        11     26     5    1   419
   11        11     27     8    1   541
   11        11     28     7    1   450
   11        11     29     2    0   505
   11        11     30     2    1   449
   11        11     31     8    1   325
   11        11     32     2    1   315
   11        11     33     3    1   639
   11        11     34     7    1   552
   11        11     35     5    0   372
   11        11     36     8    1   464
   11        11     37     1    1   465
   11        11     38     8    1   300
   11        11     39     5    1   351
   11        11     40     4    1   346
   11        11     41     5    1   372
   11        11     42     6    1   315
   11        11     43     7    0   362
   11        11     44     6    1   958
   11        11     45     8    1   557
   11        11     46     7    1   408
   11        11     47     1    0   423
   11        11     48     1    1   413
   11        11     49     4    1   547
   11        11     50     2    1   543
   11        11     51     3    1   573
   11        11     52     2    1   511
   11        11     53     7    1   367
   11        11     54     7    1   387
   11        11     55     4    0   341
   11        11     56     4    1   475
   11        11     57     4    1   357
   11        11     58     2    1   454
   11        11     59     8    1   336
   11        11     60     3    0   454
   11        11     61     3    0   352
   11        11     62     5    1   542
   11        11     63     1    1   490
   11        11     64     2    1   434
   11        12      1     4    1   572
   11        12      2     8    1   351
   11        12      3     3    1   691
   11        12      4     4    1   485
   11        12      5     1    1   387
   11        12      6     8    0   352
   11        12      7     1    1   548
   11        12      8     4    1   567
   11        12      9     7    1   655
   11        12     10     8    0   583
   11        12     11     5    1   738
   11        12     12     5    1   465
   11        12     13     2    1   639
   11        12     14     8    1   336
   11        12     15     5    1   639
   11        12     16     4    1   609
   11        12     17     6    1   377
   11        12     18     3    1   408
   11        12     19     8    1   347
   11        12     20     6    1   629
   11        12     21     6    1   424
   11        12     22     1    1   506
   11        12     23     2    1   578
   11        12     24     2    1   356
   11        12     25     7    1   634
   11        12     26     7    1   403
   11        12     27     4    1   420
   11        12     28     2    0   408
   11        12     29     2    1   691
   11        12     30     7    1   522
   11        12     31     5    0   531
   11        12     32     3    1   485
   11        12     33     1    1   552
   11        12     34     2    1   788
   11        12     35     4    1   541
   11        12     36     7    1   542
   11        12     37     1    1   367
   11        12     38     1    1   470
   11        12     39     3    1   645
   11        12     40     6    1   820
   11        12     41     8    1   680
   11        12     42     8    1   361
   11        12     43     3    0   357
   11        12     44     5    1   610
   11        12     45     1    1   404
   11        12     46     5    1   454
   11        12     47     5    1   336
   11        12     48     6    1   414
   11        12     49     2    1   347
   11        12     50     8    0   366
   11        12     51     6    1   779
   11        12     52     4    1   356
   11        12     53     7    1   475
   11        12     54     5    0   388
   11        12     55     7    1   511
   11        12     56     6    0   423
   11        12     57     3    1   639
   11        12     58     7    1   624
   11        12     59     1    1   490
   11        12     60     3    1   500
   11        12     61     6    1   572
   11        12     62     4    1   382
   11        12     63     3    1   567
   11        12     64     2    1   527
   11        13      1     3    1   691
   11        13      2     3    1   397
   11        13      3     5    1   387
   11        13      4     5    1   274
   11        13      5     8    1   439
   11        13      6     6    0   346
   11        13      7     2    1   784
   11        13      8     6    0   517
   11        13      9     7    1   475
   11        13     10     8    0   603
   11        13     11     6    1   563
   11        13     12     2    1   516
   11        13     13     7    1   824
   11        13     14     7    1   433
   11        13     15     3    1   474
   11        13     16     3    1   403
   11        13     17     5    0   454
   11        13     18     8    1   753
   11        13     19     3    1   778
   11        13     20     4    1   393
   11        13     21     6    1   341
   11        13     22     6    1   320
   11        13     23     2    1   500
   11        13     24     4    0   423
   11        13     25     8    1   670
   11        13     26     4    1   449
   11        13     27     8    0   454
   11        13     28     5    1  1001
   11        13     29     5    1   387
   11        13     30     5    1   342
   11        13     31     1    1   475
   11        13     32     3    1   470
   11        13     33     1    1   470
   11        13     34     8    1   645
   11        13     35     7    1   557
   11        13     36     1    1   377
   11        13     37     6    1   527
   11        13     38     1    1   516
   11        13     39     3    1   542
   11        13     40     4    1   537
   11        13     41     2    1   495
   11        13     42     2    1   351
   11        13     43     8    0   336
   11        13     44     1    1   511
   11        13     45     6    1   542
   11        13     46     4    1   356
   11        13     47     4    1   367
   11        13     48     5    0   404
   11        13     49     2    1   696
   11        13     50     1    1   481
   11        13     51     2    1   377
   11        13     52     3    1   444
   11        13     53     6    1   490
   11        13     54     1    0   393
   11        13     55     8    1   511
   11        13     56     1    1   480
   11        13     57     7    1   372
   11        13     58     2    1   295
   11        13     59     7    1   351
   11        13     60     7    1   366
   11        13     61     7    1   378
   11        13     62     4    1   398
   11        13     63     4    1   454
   11        13     64     5    1   753
   11        14      1     3    1   541
   11        14      2     7    1   491
   11        14      3     7    1   449
   11        14      4     4    1   531
   11        14      5     1    0   342
   11        14      6     6    1   470
   11        14      7     5    1   541
   11        14      8     4    1   604
   11        14      9     6    1   567
   11        14     10     2    1   387
   11        14     11     5    1   387
   11        14     12     6    1   383
   11        14     13     7    0   325
   11        14     14     1    1   464
   11        14     15     8    1   516
   11        14     16     7    1   403
   11        14     17     3    1   475
   11        14     18     7    0   428
   11        14     19     4    1   582
   11        14     20     1    1   691
   11        14     21     1    1   403
   11        14     22     2    0   517
   11        14     23     1    1   433
   11        14     24     8    1   413
   11        14     25     4    1   567
   11        14     26     1    0   418
   11        14     27     3    0   588
   11        14     28     7    1   496
   11        14     29     5    1   469
   11        14     30     6    0   398
   11        14     31     3    1   747
   11        14     32     7    1   491
   11        14     33     5    0   418
   11        14     34     4    1   450
   11        14     35     5    1   332
   11        14     36     8    1   567
   11        14     37     2    1   389
   11        14     38     2    1   326
   11        14     39     6    1   424
   11        14     40     2    1   495
   11        14     41     8    1   382
   11        14     42     6    1   450
   11        14     43     5    1   371
   11        14     44     3    1   367
   11        14     45     6    0   346
   11        14     46     2    1   490
   11        14     47     4    1   485
   11        14     48     2    0   392
   11        14     49     3    1   624
   11        14     50     4    1   485
   11        14     51     1    1   541
   11        14     52     2    1   547
   11        14     53     4    1   469
   11        14     54     8    1   541
   11        14     55     6    1   372
   11        14     56     7    1   495
   11        14     57     3    1   552
   11        14     58     3    1   357
   11        14     59     8    1   403
   11        14     60     5    1   429
   11        14     61     8    0   325
   11        14     62     1    1   563
   11        14     63     8    1   706
   11        14     64     5    1   495
